1341845948.7798 -0.0636 -2.8317 1.444 -0.8035 0.0103 -0.0244 0.5947
1341845948.8118 -0.2867 -2.721 1.4441 -0.8035 0.0103 -0.0244 0.5947
1341845948.8478 -0.2867 -2.721 1.4441 -0.8035 0.0103 -0.0244 0.5947
1341845948.8799 -0.2867 -2.721 1.4441 -0.8035 0.0103 -0.0244 0.5947
1341845948.9119 -0.2867 -2.721 1.4441 -0.8035 0.0103 -0.0244 0.5947
1341845948.9478 -0.2867 -2.721 1.4441 -0.8035 0.0103 -0.0244 0.5947
1341845948.9798 -0.2867 -2.721 1.4441 -0.8035 0.0103 -0.0244 0.5947
1341845949.0118 -0.2867 -2.721 1.4441 -0.8035 0.0103 -0.0244 0.5947
1341845949.0478 -0.2867 -2.721 1.4441 -0.8035 0.0103 -0.0244 0.5947
1341845949.0797 -0.2867 -2.721 1.4441 -0.8035 0.0103 -0.0244 0.5947
1341845949.1159 -0.2867 -2.721 1.4441 -0.8035 0.0103 -0.0244 0.5947
1341845949.1477 -0.2848 -2.8329 1.4897 -0.8012 0.0101 -0.0314 0.5975
1341845949.1798 -0.2867 -2.721 1.4441 -0.8035 0.0103 -0.0244 0.5947
1341845949.2158 -0.2366 -2.7816 1.5382 -0.8028 0.01 -0.0257 0.5956
1341845949.2478 -0.2867 -2.721 1.4441 -0.8035 0.0103 -0.0244 0.5947
1341845949.2839 -0.2429 -2.7988 1.5434 -0.8014 0.0091 -0.0282 0.5974
1341845949.3158 -0.2867 -2.721 1.4441 -0.8035 0.0103 -0.0244 0.5947
1341845949.3478 -0.2613 -2.7335 1.5228 -0.8051 0.0082 -0.0261 0.5925
1341845949.3838 -0.2867 -2.721 1.4441 -0.8035 0.0103 -0.0244 0.5947
1341845949.4157 -0.3242 -2.7874 1.4444 -0.8021 0.008 -0.0257 0.5965
1341845949.4519 -0.2867 -2.721 1.4441 -0.8035 0.0103 -0.0244 0.5947
1341845949.4838 -0.2792 -2.7779 1.4684 -0.801 0.0077 -0.0238 0.5981
1341845949.5158 -0.2867 -2.721 1.4441 -0.8035 0.0103 -0.0244 0.5947
1341845949.5519 -0.3138 -2.7971 1.482 -0.7996 0.0089 -0.0212 0.6001
1341845949.5837 -0.2867 -2.721 1.4441 -0.8035 0.0103 -0.0244 0.5947
1341845949.6198 -0.2851 -2.7944 1.4728 -0.8003 0.0086 -0.0236 0.5991
1341845949.6518 -0.2867 -2.721 1.4441 -0.8035 0.0103 -0.0244 0.5947
1341845949.6837 -0.3022 -2.7655 1.4268 -0.8034 0.0105 -0.0211 0.5949
1341845949.7199 -0.2867 -2.721 1.4441 -0.8035 0.0103 -0.0244 0.5947
1341845949.7518 -0.2867 -2.721 1.4441 -0.8035 0.0103 -0.0244 0.5947
1341845949.7879 -0.2867 -2.721 1.4441 -0.8035 0.0103 -0.0244 0.5947
1341845949.8198 -0.2867 -2.721 1.4441 -0.8035 0.0103 -0.0244 0.5947
1341845949.8519 -0.2867 -2.721 1.4441 -0.8035 0.0103 -0.0244 0.5947
1341845949.8878 -0.2867 -2.721 1.4441 -0.8035 0.0103 -0.0244 0.5947
1341845949.92 -0.2867 -2.721 1.4441 -0.8035 0.0103 -0.0244 0.5947
1341845949.9557 -0.2867 -2.721 1.4441 -0.8035 0.0103 -0.0244 0.5947
1341845949.9877 -0.3162 -2.7963 1.4731 -0.8003 0.0088 -0.0238 0.5991
1341845950.0198 -0.2867 -2.721 1.4441 -0.8035 0.0103 -0.0244 0.5947
1341845950.0558 -0.2867 -2.721 1.4441 -0.8035 0.0103 -0.0244 0.5947
1341845950.0877 -0.3002 -2.7455 1.4532 -0.8006 0.0079 -0.0238 0.5986
1341845950.1241 -0.2867 -2.721 1.4441 -0.8035 0.0103 -0.0244 0.5947
1341845950.1558 -0.2846 -2.7558 1.4956 -0.8022 0.0104 -0.0232 0.5966
1341845950.1877 -0.2867 -2.721 1.4441 -0.8035 0.0103 -0.0244 0.5947
1341845950.2238 -0.3257 -2.9015 1.5491 -0.7908 -0.0006 -0.0231 0.6117
1341845950.2559 -0.2867 -2.721 1.4441 -0.8035 0.0103 -0.0244 0.5947
1341845950.2878 -0.2996 -2.7029 1.4271 -0.8035 0.0089 -0.024 0.5947
1341845950.3239 -0.2867 -2.721 1.4441 -0.8035 0.0103 -0.0244 0.5947
1341845950.3558 -0.2723 -2.7719 1.5168 -0.7945 0.0066 -0.023 0.6068
1341845950.3879 -0.2867 -2.721 1.4441 -0.8035 0.0103 -0.0244 0.5947
1341845950.4243 -0.2188 -2.78 1.5526 -0.8033 0.0093 -0.022 0.5951
1341845950.4558 -0.2867 -2.721 1.4441 -0.8035 0.0103 -0.0244 0.5947
1341845950.4879 -0.3061 -2.7685 1.4314 -0.8044 0.0092 -0.0232 0.5936
1341845950.5239 -0.2867 -2.721 1.4441 -0.8035 0.0103 -0.0244 0.5947
1341845950.5558 -0.334 -2.6828 1.3605 -0.7995 0.0051 -0.0253 0.6001
1341845950.5877 -0.2867 -2.721 1.4441 -0.8035 0.0103 -0.0244 0.5947
1341845950.6238 -0.2412 -2.786 1.4973 -0.7968 0.0131 -0.023 0.6037
1341845950.6558 -0.2867 -2.721 1.4441 -0.8035 0.0103 -0.0244 0.5947
1341845950.6918 -0.3398 -3.081 1.3318 -0.7732 0.0054 -0.0194 0.6338
1341845950.756 -0.3434 -3.4451 1.5011 -0.7524 -0.005 -0.0199 0.6584
1341845950.8179 -0.2867 -2.721 1.4441 -0.8035 0.0103 -0.0244 0.5947
1341845950.8539 -0.2854 -2.773 1.4181 -0.8027 0.0081 -0.0251 0.5958
1341845950.8859 -0.2867 -2.721 1.4441 -0.8035 0.0103 -0.0244 0.5947
1341845950.9178 -0.2787 -2.8046 1.4865 -0.8038 0.0099 -0.0257 0.5943
1341845950.9538 -0.2867 -2.721 1.4441 -0.8035 0.0103 -0.0244 0.5947
1341845950.9859 -0.2917 -2.9609 1.4269 -0.8038 0.007 -0.0303 0.5941
1341845951.0178 -0.2867 -2.721 1.4441 -0.8035 0.0103 -0.0244 0.5947
1341845951.0538 -0.2565 -2.8564 1.4662 -0.8001 0.0118 -0.0254 0.5992
1341845951.0858 -0.2867 -2.721 1.4441 -0.8035 0.0103 -0.0244 0.5947
1341845951.1218 -0.2842 -2.7893 1.4448 -0.801 0.0128 -0.0256 0.598
1341845951.1538 -0.2867 -2.721 1.4441 -0.8035 0.0103 -0.0244 0.5947
1341845951.1857 -0.271 -2.8145 1.4606 -0.8029 0.0134 -0.024 0.5955
1341845951.2218 -0.2867 -2.721 1.4441 -0.8035 0.0103 -0.0244 0.5947
1341845951.2537 -0.3004 -2.8095 1.408 -0.8036 0.0138 -0.0222 0.5946
1341845951.2898 -0.2867 -2.721 1.4441 -0.8035 0.0103 -0.0244 0.5947
1341845951.3217 -0.3158 -2.7378 1.3804 -0.8053 0.0104 -0.0262 0.5922
1341845951.3538 -0.2867 -2.721 1.4441 -0.8035 0.0103 -0.0244 0.5947
1341845951.3897 -0.1532 -3.2262 1.5375 -0.8084 0.037 -0.0155 0.5873
1341845951.4218 -0.1897 -3.0849 1.5235 -0.8128 0.0317 -0.0159 0.5814
1341845951.4537 -0.2867 -2.721 1.4441 -0.8035 0.0103 -0.0244 0.5947
1341845951.4897 -0.2985 -2.783 1.4158 -0.8038 0.0113 -0.0238 0.5943
1341845951.5218 -0.2867 -2.721 1.4441 -0.8035 0.0103 -0.0244 0.5947
1341845951.5577 -0.3146 -2.7262 1.4058 -0.8024 0.0091 -0.0266 0.5961
1341845951.6219 -0.2867 -2.721 1.4441 -0.8035 0.0103 -0.0244 0.5947
1341845951.6577 -0.3482 -2.7767 1.3968 -0.8017 0.0084 -0.0229 0.5973
1341845951.69 -0.2867 -2.721 1.4441 -0.8035 0.0103 -0.0244 0.5947
1341845951.7218 -0.2151 -2.8058 1.5731 -0.8051 0.015 -0.0191 0.5927
1341845951.7578 -0.2867 -2.721 1.4441 -0.8035 0.0103 -0.0244 0.5947
1341845951.79 -0.2747 -2.7793 1.4647 -0.7988 0.0072 -0.024 0.6011
1341845951.8259 -0.2867 -2.721 1.4441 -0.8035 0.0103 -0.0244 0.5947
1341845951.8577 -0.2425 -2.7416 1.4813 -0.8033 0.0109 -0.0221 0.595
1341845951.8899 -0.2867 -2.721 1.4441 -0.8035 0.0103 -0.0244 0.5947
1341845951.926 -0.2531 -2.7909 1.5086 -0.7997 0.0132 -0.0222 0.5998
1341845951.9578 -0.2867 -2.721 1.4441 -0.8035 0.0103 -0.0244 0.5947
1341845951.9899 -0.3119 -2.7702 1.4062 -0.7988 0.0089 -0.0225 0.6011
1341845952.026 -0.2867 -2.721 1.4441 -0.8035 0.0103 -0.0244 0.5947
1341845952.0579 -0.2785 -2.755 1.4731 -0.8028 0.0119 -0.0222 0.5958
1341845952.1258 -0.2867 -2.721 1.4441 -0.8035 0.0103 -0.0244 0.5947
1341845952.1578 -0.2863 -2.7464 1.4562 -0.8042 0.01 -0.0233 0.5938
1341845952.1937 -0.2867 -2.721 1.4441 -0.8035 0.0103 -0.0244 0.5947
1341845952.2258 -0.2499 -2.7442 1.4934 -0.8037 0.0097 -0.0231 0.5945
1341845952.2619 -0.2867 -2.721 1.4441 -0.8035 0.0103 -0.0244 0.5947
1341845952.2938 -0.3316 -2.694 1.3771 -0.8057 0.007 -0.0268 0.5917
1341845952.3258 -0.2867 -2.721 1.4441 -0.8035 0.0103 -0.0244 0.5947
1341845952.3619 -0.2835 -2.7656 1.4567 -0.8021 0.0076 -0.0255 0.5966
1341845952.3937 -0.2867 -2.721 1.4441 -0.8035 0.0103 -0.0244 0.5947
1341845952.4259 -0.2806 -2.7621 1.4429 -0.8014 0.0086 -0.0273 0.5974
1341845952.462 -0.2867 -2.721 1.4441 -0.8035 0.0103 -0.0244 0.5947
1341845952.4939 -0.2959 -2.6776 1.4327 -0.8036 0.0077 -0.0248 0.5946
1341845952.5299 -0.2867 -2.721 1.4441 -0.8035 0.0103 -0.0244 0.5947
1341845952.5617 -0.3023 -2.7237 1.4283 -0.8028 0.0091 -0.0274 0.5955
1341845952.5938 -0.2867 -2.721 1.4441 -0.8035 0.0103 -0.0244 0.5947
1341845952.6298 -0.2675 -2.6956 1.4787 -0.8027 0.0097 -0.0258 0.5958
1341845952.6618 -0.2867 -2.721 1.4441 -0.8035 0.0103 -0.0244 0.5947
1341845952.6941 -0.3185 -2.7069 1.3863 -0.8037 0.0129 -0.0248 0.5944
1341845952.73 -0.2867 -2.721 1.4441 -0.8035 0.0103 -0.0244 0.5947
1341845952.7619 -0.2448 -2.7246 1.529 -0.8051 0.0093 -0.0226 0.5926
1341845952.836 -0.2867 -2.721 1.4441 -0.8035 0.0103 -0.0244 0.5947
1341845952.8978 -0.3126 -2.7059 1.4688 -0.8037 0.0052 -0.0254 0.5944
1341845952.9299 -0.2867 -2.721 1.4441 -0.8035 0.0103 -0.0244 0.5947
1341845952.9622 -0.3346 -2.6519 1.4075 -0.8052 0.0067 -0.0242 0.5925
1341845952.9977 -0.2867 -2.721 1.4441 -0.8035 0.0103 -0.0244 0.5947
1341845953.0299 -0.2667 -2.6693 1.5412 -0.8038 0.014 -0.0223 0.5944
1341845953.0659 -0.2867 -2.721 1.4441 -0.8035 0.0103 -0.0244 0.5947
1341845953.0977 -0.3621 -2.6351 1.3688 -0.8048 0.0107 -0.0253 0.5929
1341845953.1304 -0.2867 -2.721 1.4441 -0.8035 0.0103 -0.0244 0.5947
1341845953.1657 -0.2295 -2.6849 1.5564 -0.8061 0.0117 -0.0209 0.5913
1341845953.1979 -0.2867 -2.721 1.4441 -0.8035 0.0103 -0.0244 0.5947
1341845953.2301 -0.3458 -2.5685 1.391 -0.8042 0.0052 -0.0253 0.5938
1341845953.2657 -0.2867 -2.721 1.4441 -0.8035 0.0103 -0.0244 0.5947
1341845953.2978 -0.2907 -2.7046 1.4904 -0.8045 0.0107 -0.024 0.5934
1341845953.3338 -0.2867 -2.721 1.4441 -0.8035 0.0103 -0.0244 0.5947
1341845953.3981 -0.3486 -2.5995 1.4243 -0.8079 0.0014 -0.0277 0.5887
1341845953.4338 -0.2867 -2.721 1.4441 -0.8035 0.0103 -0.0244 0.5947
1341845953.4658 -0.3529 -2.652 1.4055 -0.8099 0.0095 -0.0276 0.5858
1341845953.5018 -0.2867 -2.721 1.4441 -0.8035 0.0103 -0.0244 0.5947
1341845953.5338 -0.2218 -2.6873 1.5088 -0.8085 0.0082 -0.0252 0.588
1341845953.5659 -0.2867 -2.721 1.4441 -0.8035 0.0103 -0.0244 0.5947
1341845953.6019 -0.3118 -2.5067 1.3968 -0.8211 0.004 -0.0334 0.5697
1341845953.6337 -0.3037 -2.4396 1.3855 -0.8256 0.0022 -0.0369 0.5631
1341845953.6659 -0.2867 -2.721 1.4441 -0.8035 0.0103 -0.0244 0.5947
1341845953.702 -0.3734 -2.6236 1.3371 -0.8068 0.0101 -0.0281 0.5901
1341845953.734 -0.2867 -2.721 1.4441 -0.8035 0.0103 -0.0244 0.5947
1341845953.7698 -0.2644 -2.6568 1.4822 -0.8034 0.0083 -0.0234 0.595
1341845953.8018 -0.2867 -2.721 1.4441 -0.8035 0.0103 -0.0244 0.5947
1341845953.8338 -0.3202 -2.6629 1.4216 -0.8046 0.0094 -0.0233 0.5933
1341845953.8699 -0.2867 -2.721 1.4441 -0.8035 0.0103 -0.0244 0.5947
1341845953.9018 -0.3458 -2.6726 1.422 -0.8038 0.0078 -0.0246 0.5943
1341845953.9339 -0.2867 -2.721 1.4441 -0.8035 0.0103 -0.0244 0.5947
1341845953.97 -0.325 -2.6723 1.4738 -0.808 0.0083 -0.021 0.5887
1341845954.0018 -0.2867 -2.721 1.4441 -0.8035 0.0103 -0.0244 0.5947
1341845954.0378 -0.3711 -2.6521 1.4129 -0.8025 0.0077 -0.0238 0.5961
1341845954.07 -0.2867 -2.721 1.4441 -0.8035 0.0103 -0.0244 0.5947
1341845954.1018 -0.3884 -2.6617 1.3784 -0.8042 0.0134 -0.0246 0.5937
1341845954.1377 -0.2867 -2.721 1.4441 -0.8035 0.0103 -0.0244 0.5947
1341845954.1698 -0.2712 -2.6581 1.5279 -0.803 0.0133 -0.0212 0.5955
1341845954.2018 -0.2867 -2.721 1.4441 -0.8035 0.0103 -0.0244 0.5947
1341845954.2379 -0.3233 -2.6887 1.4411 -0.8037 0.0124 -0.0238 0.5945
1341845954.2698 -0.2867 -2.721 1.4441 -0.8035 0.0103 -0.0244 0.5947
1341845954.3059 -0.323 -2.6935 1.4159 -0.8037 0.0087 -0.0249 0.5945
1341845954.3379 -0.2867 -2.721 1.4441 -0.8035 0.0103 -0.0244 0.5947
1341845954.3703 -0.2712 -2.6959 1.4939 -0.8033 0.013 -0.0225 0.595
1341845954.4058 -0.2867 -2.721 1.4441 -0.8035 0.0103 -0.0244 0.5947
1341845954.4378 -0.3719 -2.7101 1.3737 -0.8024 0.0134 -0.0258 0.596
1341845954.4737 -0.2867 -2.721 1.4441 -0.8035 0.0103 -0.0244 0.5947
1341845954.5057 -0.2195 -2.6056 1.4931 -0.809 0.0127 -0.021 0.5873
1341845954.5379 -0.2867 -2.721 1.4441 -0.8035 0.0103 -0.0244 0.5947
1341845954.5741 -0.2677 -2.6846 1.495 -0.8016 0.0151 -0.0221 0.5972
1341845954.6058 -0.2867 -2.721 1.4441 -0.8035 0.0103 -0.0244 0.5947
1341845954.6378 -0.305 -2.6333 1.3799 -0.8092 0.0115 -0.0244 0.5869
1341845954.674 -0.2867 -2.721 1.4441 -0.8035 0.0103 -0.0244 0.5947
1341845954.7059 -0.2312 -2.6923 1.4944 -0.8044 0.0111 -0.0221 0.5935
1341845954.742 -0.2867 -2.721 1.4441 -0.8035 0.0103 -0.0244 0.5947
1341845954.7798 -0.3334 -2.6966 1.3856 -0.8054 0.0094 -0.0264 0.592
1341845954.8158 -0.2867 -2.721 1.4441 -0.8035 0.0103 -0.0244 0.5947
1341845954.8477 -0.2731 -2.7411 1.47 -0.8061 0.0093 -0.0245 0.5912
1341845954.8799 -0.2867 -2.721 1.4441 -0.8035 0.0103 -0.0244 0.5947
1341845954.9159 -0.3661 -2.6885 1.3906 -0.8035 0.0104 -0.0251 0.5946
1341845954.9477 -0.2867 -2.721 1.4441 -0.8035 0.0103 -0.0244 0.5947
1341845954.9798 -0.2669 -2.7397 1.5009 -0.8047 0.013 -0.0265 0.593
1341845955.0158 -0.2867 -2.721 1.4441 -0.8035 0.0103 -0.0244 0.5947
1341845955.0477 -0.2736 -2.689 1.4595 -0.8063 0.0144 -0.0238 0.5909
1341845955.08 -0.2867 -2.721 1.4441 -0.8035 0.0103 -0.0244 0.5947
1341845955.1158 -0.3535 -2.6904 1.3994 -0.8039 0.0076 -0.0281 0.5941
1341845955.1478 -0.2867 -2.721 1.4441 -0.8035 0.0103 -0.0244 0.5947
1341845955.1798 -0.2924 -2.7127 1.4356 -0.8047 0.0101 -0.0246 0.593
1341845955.2158 -0.2867 -2.721 1.4441 -0.8035 0.0103 -0.0244 0.5947
1341845955.2477 -0.3146 -2.7017 1.4185 -0.8042 0.0101 -0.0258 0.5937
1341845955.2838 -0.2867 -2.721 1.4441 -0.8035 0.0103 -0.0244 0.5947
1341845955.3158 -0.2942 -2.679 1.4374 -0.8052 0.0091 -0.0246 0.5924
1341845955.3477 -0.2867 -2.721 1.4441 -0.8035 0.0103 -0.0244 0.5947
1341845955.3838 -0.2867 -2.721 1.4441 -0.8035 0.0103 -0.0244 0.5947
1341845955.4157 -0.3252 -2.6887 1.4103 -0.8054 0.0095 -0.0248 0.5921
1341845955.4478 -0.2867 -2.721 1.4441 -0.8035 0.0103 -0.0244 0.5947
1341845955.4838 -0.2433 -2.6946 1.4586 -0.8061 0.0081 -0.0252 0.5912
1341845955.516 -0.2867 -2.721 1.4441 -0.8035 0.0103 -0.0244 0.5947
1341845955.5477 -0.2354 -2.72 1.4944 -0.8058 0.0111 -0.0219 0.5916
1341845955.5838 -0.2867 -2.721 1.4441 -0.8035 0.0103 -0.0244 0.5947
1341845955.6459 -0.2867 -2.721 1.4441 -0.8035 0.0103 -0.0244 0.5947
1341845955.6777 -0.2867 -2.721 1.4441 -0.8035 0.0103 -0.0244 0.5947
1341845955.714 -0.3467 -2.6811 1.4012 -0.8059 0.0095 -0.0264 0.5914
1341845955.7459 -0.2867 -2.721 1.4441 -0.8035 0.0103 -0.0244 0.5947
1341845955.7778 -0.2867 -2.721 1.4441 -0.8035 0.0103 -0.0244 0.5947
1341845955.8141 -0.2867 -2.721 1.4441 -0.8035 0.0103 -0.0244 0.5947
1341845955.8457 -0.2867 -2.721 1.4441 -0.8035 0.0103 -0.0244 0.5947
1341845955.878 -0.2867 -2.721 1.4441 -0.8035 0.0103 -0.0244 0.5947
1341845955.9138 -0.2334 -2.667 1.4845 -0.8089 0.012 -0.0269 0.5873
1341845955.9457 -0.2867 -2.721 1.4441 -0.8035 0.0103 -0.0244 0.5947
1341845955.9819 -0.2867 -2.721 1.4441 -0.8035 0.0103 -0.0244 0.5947
1341845956.0138 -0.2867 -2.721 1.4441 -0.8035 0.0103 -0.0244 0.5947
1341845956.0458 -0.2867 -2.721 1.4441 -0.8035 0.0103 -0.0244 0.5947
1341845956.0818 -0.2867 -2.721 1.4441 -0.8035 0.0103 -0.0244 0.5947
1341845956.1139 -0.2867 -2.721 1.4441 -0.8035 0.0103 -0.0244 0.5947
1341845956.1459 -0.2867 -2.721 1.4441 -0.8035 0.0103 -0.0244 0.5947
1341845956.1817 -0.2867 -2.721 1.4441 -0.8035 0.0103 -0.0244 0.5947
1341845956.214 -0.2867 -2.721 1.4441 -0.8035 0.0103 -0.0244 0.5947
1341845956.2497 -0.2867 -2.721 1.4441 -0.8035 0.0103 -0.0244 0.5947
1341845956.2818 -0.2867 -2.721 1.4441 -0.8035 0.0103 -0.0244 0.5947
1341845956.3138 -0.2918 -2.6841 1.4791 -0.801 0.0096 -0.0238 0.5981
1341845956.3498 -0.2903 -2.6363 1.5008 -0.7993 0.01 -0.0237 0.6004
1341845956.3817 -0.2867 -2.721 1.4441 -0.8035 0.0103 -0.0244 0.5947
1341845956.414 -0.2867 -2.721 1.4441 -0.8035 0.0103 -0.0244 0.5947
1341845956.4499 -0.2409 -2.6818 1.5061 -0.8029 0.0112 -0.023 0.5956
1341845956.4818 -0.2867 -2.721 1.4441 -0.8035 0.0103 -0.0244 0.5947
1341845956.5178 -0.3043 -2.6386 1.425 -0.8045 0.013 -0.0232 0.5934
1341845956.5502 -0.2867 -2.721 1.4441 -0.8035 0.0103 -0.0244 0.5947
1341845956.5819 -0.2693 -2.7189 1.4832 -0.8051 0.0115 -0.0237 0.5926
1341845956.6179 -0.2867 -2.721 1.4441 -0.8035 0.0103 -0.0244 0.5947
1341845956.6498 -0.2867 -2.721 1.4441 -0.8035 0.0103 -0.0244 0.5947
1341845956.6862 -0.2867 -2.721 1.4441 -0.8035 0.0103 -0.0244 0.5947
1341845956.7178 -0.2867 -2.721 1.4441 -0.8035 0.0103 -0.0244 0.5947
1341845956.7499 -0.2867 -2.721 1.4441 -0.8035 0.0103 -0.0244 0.5947
1341845956.7859 -0.2867 -2.721 1.4441 -0.8035 0.0103 -0.0244 0.5947
1341845956.8179 -0.2867 -2.721 1.4441 -0.8035 0.0103 -0.0244 0.5947
1341845956.8499 -0.2867 -2.721 1.4441 -0.8035 0.0103 -0.0244 0.5947
1341845956.8858 -0.2867 -2.721 1.4441 -0.8035 0.0103 -0.0244 0.5947
1341845956.9539 -0.2867 -2.721 1.4441 -0.8035 0.0103 -0.0244 0.5947
1341845956.9857 -0.3056 -2.6624 1.475 -0.8028 0.0088 -0.0245 0.5957
1341845957.0177 -0.2867 -2.721 1.4441 -0.8035 0.0103 -0.0244 0.5947
1341845957.0538 -0.2811 -2.5983 1.5536 -0.8003 0.013 -0.0284 0.5988
1341845957.0859 -0.2867 -2.721 1.4441 -0.8035 0.0103 -0.0244 0.5947
1341845957.1181 -0.264 -2.6149 1.5561 -0.8053 0.0158 -0.0324 0.5918
1341845957.1539 -0.2459 -2.606 1.5935 -0.8062 0.0174 -0.035 0.5904
1341845957.1857 -0.2867 -2.721 1.4441 -0.8035 0.0103 -0.0244 0.5947
1341845957.2222 -0.3101 -2.6408 1.412 -0.8047 0.0071 -0.0268 0.593
1341845957.2538 -0.2867 -2.721 1.4441 -0.8035 0.0103 -0.0244 0.5947
1341845957.286 -0.2743 -2.693 1.4593 -0.8049 0.0081 -0.0244 0.5929
1341845957.3218 -0.2867 -2.721 1.4441 -0.8035 0.0103 -0.0244 0.5947
1341845957.3536 -0.2708 -2.6902 1.462 -0.8037 0.0099 -0.0247 0.5944
1341845957.3859 -0.2867 -2.721 1.4441 -0.8035 0.0103 -0.0244 0.5947
1341845957.4218 -0.3041 -2.6812 1.4541 -0.8059 0.0096 -0.0271 0.5914
1341845957.4539 -0.2867 -2.721 1.4441 -0.8035 0.0103 -0.0244 0.5947
1341845957.49 -0.2763 -2.6779 1.4535 -0.8058 0.0067 -0.022 0.5917
1341845957.5218 -0.2867 -2.721 1.4441 -0.8035 0.0103 -0.0244 0.5947
1341845957.5539 -0.3091 -2.6922 1.4619 -0.8044 0.0091 -0.021 0.5937
1341845957.5898 -0.2867 -2.721 1.4441 -0.8035 0.0103 -0.0244 0.5947
1341845957.6219 -0.2914 -2.6635 1.448 -0.8058 0.0057 -0.0226 0.5918
1341845957.6902 -0.2867 -2.721 1.4441 -0.8035 0.0103 -0.0244 0.5947
1341845957.7217 -0.2612 -2.6393 1.4628 -0.8074 0.0088 -0.0234 0.5894
1341845957.7578 -0.2867 -2.721 1.4441 -0.8035 0.0103 -0.0244 0.5947
1341845957.7901 -0.2882 -2.7026 1.4419 -0.8048 0.0108 -0.0253 0.5929
1341845957.8218 -0.2867 -2.721 1.4441 -0.8035 0.0103 -0.0244 0.5947
1341845957.8583 -0.2652 -2.6339 1.4437 -0.809 0.0122 -0.0271 0.5871
1341845957.8903 -0.2867 -2.721 1.4441 -0.8035 0.0103 -0.0244 0.5947
1341845957.9265 -0.2638 -2.6579 1.4677 -0.8086 0.013 -0.0271 0.5876
1341845957.9638 -0.2867 -2.721 1.4441 -0.8035 0.0103 -0.0244 0.5947
1341845957.9966 -0.2593 -2.6251 1.4454 -0.8069 0.007 -0.0266 0.5901
1341845958.0284 -0.2867 -2.721 1.4441 -0.8035 0.0103 -0.0244 0.5947
1341845958.0641 -0.2645 -2.6738 1.4667 -0.8076 0.0143 -0.0266 0.5889
1341845958.0963 -0.2867 -2.721 1.4441 -0.8035 0.0103 -0.0244 0.5947
1341845958.1637 -0.2816 -2.5717 1.5125 -0.8082 0.0118 -0.0292 0.5881
1341845958.2259 -0.2867 -2.721 1.4441 -0.8035 0.0103 -0.0244 0.5947
1341845958.2579 -0.2967 -2.6807 1.4654 -0.8056 0.0117 -0.0243 0.5918
1341845958.2939 -0.2867 -2.721 1.4441 -0.8035 0.0103 -0.0244 0.5947
1341845958.326 -0.2625 -2.6504 1.4758 -0.8063 0.01 -0.0253 0.5908
1341845958.3579 -0.2867 -2.721 1.4441 -0.8035 0.0103 -0.0244 0.5947
1341845958.3938 -0.2867 -2.721 1.4441 -0.8035 0.0103 -0.0244 0.5947
1341845958.4258 -0.2867 -2.721 1.4441 -0.8035 0.0103 -0.0244 0.5947
1341845958.4619 -0.2867 -2.721 1.4441 -0.8035 0.0103 -0.0244 0.5947
1341845958.4939 -0.2867 -2.721 1.4441 -0.8035 0.0103 -0.0244 0.5947
1341845958.5259 -0.2867 -2.721 1.4441 -0.8035 0.0103 -0.0244 0.5947
1341845958.5617 -0.2867 -2.721 1.4441 -0.8035 0.0103 -0.0244 0.5947
1341845958.5939 -0.2867 -2.721 1.4441 -0.8035 0.0103 -0.0244 0.5947
1341845958.6259 -0.2867 -2.721 1.4441 -0.8035 0.0103 -0.0244 0.5947
1341845958.6618 -0.2867 -2.721 1.4441 -0.8035 0.0103 -0.0244 0.5947
1341845958.6939 -0.3197 -2.7231 1.5484 -0.8011 0.0039 -0.0202 0.5982
1341845958.7297 -0.2867 -2.721 1.4441 -0.8035 0.0103 -0.0244 0.5947
1341845958.7618 -0.2764 -2.6337 1.4624 -0.8061 0.015 -0.0262 0.591
1341845958.794 -0.2867 -2.721 1.4441 -0.8035 0.0103 -0.0244 0.5947
1341845958.8361 -0.2777 -2.4996 1.4153 -0.8101 0.0187 -0.0307 0.5851
1341845958.8725 -0.2867 -2.721 1.4441 -0.8035 0.0103 -0.0244 0.5947
1341845958.9058 -0.294 -2.651 1.4389 -0.8064 0.013 -0.0243 0.5908
1341845958.936 -0.2867 -2.721 1.4441 -0.8035 0.0103 -0.0244 0.5947
1341845958.9679 -0.2722 -2.5595 1.4034 -0.8073 0.0098 -0.0214 0.5897
1341845959.0039 -0.2792 -2.4513 1.409 -0.8078 0.0092 -0.0206 0.589
1341845959.0358 -0.2867 -2.721 1.4441 -0.8035 0.0103 -0.0244 0.5947
1341845959.0677 -0.2935 -2.5404 1.4782 -0.8035 0.0061 -0.0237 0.5947
1341845959.1038 -0.2867 -2.721 1.4441 -0.8035 0.0103 -0.0244 0.5947
1341845959.1358 -0.2886 -2.3573 1.393 -0.804 0.0064 -0.0247 0.5941
1341845959.172 -0.2867 -2.721 1.4441 -0.8035 0.0103 -0.0244 0.5947
1341845959.2037 -0.3116 -2.5415 1.4438 -0.8047 0.0056 -0.0244 0.5931
1341845959.2357 -0.2867 -2.721 1.4441 -0.8035 0.0103 -0.0244 0.5947
1341845959.2717 -0.346 -2.498 1.4695 -0.8055 0.0125 -0.0211 0.592
1341845959.3037 -0.2867 -2.721 1.4441 -0.8035 0.0103 -0.0244 0.5947
1341845959.34 -0.3376 -2.566 1.4385 -0.8047 0.0039 -0.0247 0.5932
1341845959.3718 -0.2867 -2.721 1.4441 -0.8035 0.0103 -0.0244 0.5947
1341845959.4037 -0.3375 -2.598 1.412 -0.8094 0.0187 -0.0254 0.5864
1341845959.4401 -0.2867 -2.721 1.4441 -0.8035 0.0103 -0.0244 0.5947
1341845959.4718 -0.355 -2.7538 1.3569 -0.8047 0.0067 -0.0264 0.5931
1341845959.5078 -0.2867 -2.721 1.4441 -0.8035 0.0103 -0.0244 0.5947
1341845959.5398 -0.2513 -2.6198 1.4295 -0.807 0.0124 -0.0249 0.5899
1341845959.5718 -0.2867 -2.721 1.4441 -0.8035 0.0103 -0.0244 0.5947
1341845959.6078 -0.3145 -2.6273 1.4616 -0.8053 0.0124 -0.0239 0.5923
1341845959.6398 -0.2867 -2.721 1.4441 -0.8035 0.0103 -0.0244 0.5947
1341845959.6719 -0.3109 -2.5789 1.4639 -0.8056 0.0085 -0.0245 0.5919
1341845959.7078 -0.2867 -2.721 1.4441 -0.8035 0.0103 -0.0244 0.5947
1341845959.74 -0.3122 -2.5758 1.449 -0.8064 0.0126 -0.0248 0.5908
1341845959.7761 -0.2867 -2.721 1.4441 -0.8035 0.0103 -0.0244 0.5947
1341845959.8078 -0.3026 -2.6367 1.4361 -0.8068 0.0126 -0.0262 0.5902
1341845959.8398 -0.2867 -2.721 1.4441 -0.8035 0.0103 -0.0244 0.5947
1341845959.876 -0.2966 -2.5866 1.4375 -0.8043 0.0097 -0.0259 0.5936
1341845959.9079 -0.2867 -2.721 1.4441 -0.8035 0.0103 -0.0244 0.5947
1341845959.9399 -0.2974 -2.5527 1.4246 -0.8048 0.0126 -0.0265 0.5928
1341845959.9757 -0.2867 -2.721 1.4441 -0.8035 0.0103 -0.0244 0.5947
1341845960.0077 -0.2813 -2.6734 1.4311 -0.8018 0.0083 -0.024 0.597
1341845960.04 -0.2867 -2.721 1.4441 -0.8035 0.0103 -0.0244 0.5947
1341845960.0758 -0.2649 -2.5931 1.4903 -0.8058 0.0116 -0.026 0.5915
1341845960.1078 -0.2867 -2.721 1.4441 -0.8035 0.0103 -0.0244 0.5947
1341845960.144 -0.2943 -2.5833 1.4345 -0.8028 0.0109 -0.0248 0.5956
1341845960.1757 -0.2867 -2.721 1.4441 -0.8035 0.0103 -0.0244 0.5947
1341845960.2077 -0.2962 -2.5531 1.4229 -0.8049 0.0078 -0.0245 0.5928
1341845960.2438 -0.2867 -2.721 1.4441 -0.8035 0.0103 -0.0244 0.5947
1341845960.2758 -0.2747 -2.6045 1.5103 -0.8051 0.0111 -0.0253 0.5924
1341845960.3079 -0.2867 -2.721 1.4441 -0.8035 0.0103 -0.0244 0.5947
1341845960.3438 -0.294 -2.6211 1.4147 -0.8022 0.0087 -0.0236 0.5966
1341845960.3757 -0.2867 -2.721 1.4441 -0.8035 0.0103 -0.0244 0.5947
1341845960.4077 -0.2754 -2.6422 1.4658 -0.8059 0.0114 -0.0275 0.5912
1341845960.4438 -0.2867 -2.721 1.4441 -0.8035 0.0103 -0.0244 0.5947
1341845960.4759 -0.2721 -2.6515 1.4827 -0.8049 0.0109 -0.0247 0.5928
1341845960.5079 -0.2867 -2.721 1.4441 -0.8035 0.0103 -0.0244 0.5947
1341845960.5438 -0.3066 -2.6469 1.4255 -0.806 0.0096 -0.0256 0.5913
1341845960.5759 -0.2867 -2.721 1.4441 -0.8035 0.0103 -0.0244 0.5947
1341845960.6118 -0.2867 -2.721 1.4441 -0.8035 0.0103 -0.0244 0.5947
1341845960.6759 -0.2796 -2.7611 1.4879 -0.8059 0.0124 -0.0214 0.5915
1341845960.738 -0.2867 -2.721 1.4441 -0.8035 0.0103 -0.0244 0.5947
1341845960.7738 -0.2869 -2.5955 1.4704 -0.8037 0.011 -0.0247 0.5944
1341845960.8059 -0.2482 -2.6194 1.4617 -0.803 0.0145 -0.0253 0.5952
1341845960.8379 -0.2867 -2.721 1.4441 -0.8035 0.0103 -0.0244 0.5947
1341845960.8738 -0.309 -2.6446 1.4161 -0.8022 0.0092 -0.025 0.5965
1341845960.9059 -0.2867 -2.721 1.4441 -0.8035 0.0103 -0.0244 0.5947
1341845960.9418 -0.3525 -2.7309 1.462 -0.8052 0.0078 -0.0263 0.5923
1341845960.9738 -0.2867 -2.721 1.4441 -0.8035 0.0103 -0.0244 0.5947
1341845961.0062 -0.2867 -2.721 1.4441 -0.8035 0.0103 -0.0244 0.5947
1341845961.0418 -0.2867 -2.721 1.4441 -0.8035 0.0103 -0.0244 0.5947
1341845961.0738 -0.2867 -2.721 1.4441 -0.8035 0.0103 -0.0244 0.5947
1341845961.111 -0.2815 -2.7332 1.425 -0.8047 0.0104 -0.0221 0.5932
1341845961.1418 -0.2867 -2.721 1.4441 -0.8035 0.0103 -0.0244 0.5947
1341845961.1739 -0.2867 -2.721 1.4441 -0.8035 0.0103 -0.0244 0.5947
1341845961.2099 -0.2563 -2.873 1.3875 -0.8047 0.0107 -0.0226 0.5932
1341845961.2421 -0.2867 -2.721 1.4441 -0.8035 0.0103 -0.0244 0.5947
1341845961.2739 -0.2867 -2.721 1.4441 -0.8035 0.0103 -0.0244 0.5947
1341845961.31 -0.2867 -2.721 1.4441 -0.8035 0.0103 -0.0244 0.5947
1341845961.3418 -0.2867 -2.721 1.4441 -0.8035 0.0103 -0.0244 0.5947
1341845961.3781 -0.2768 -2.7885 1.3795 -0.7989 0.0089 -0.023 0.6009
1341845961.4098 -0.2867 -2.721 1.4441 -0.8035 0.0103 -0.0244 0.5947
1341845961.4418 -0.2867 -2.721 1.4441 -0.8035 0.0103 -0.0244 0.5947
1341845961.4778 -0.2867 -2.721 1.4441 -0.8035 0.0103 -0.0244 0.5947
1341845961.5098 -0.3173 -2.8036 1.467 -0.7994 0.0109 -0.0243 0.6003
1341845961.5419 -0.2867 -2.721 1.4441 -0.8035 0.0103 -0.0244 0.5947
1341845961.5779 -0.2867 -2.721 1.4441 -0.8035 0.0103 -0.0244 0.5947
1341845961.6098 -0.2991 -2.7756 1.4099 -0.8003 0.0115 -0.0247 0.5989
1341845961.646 -0.2867 -2.721 1.4441 -0.8035 0.0103 -0.0244 0.5947
1341845961.6778 -0.2762 -2.8282 1.4814 -0.7999 0.0102 -0.0239 0.5996
1341845961.7098 -0.2867 -2.721 1.4441 -0.8035 0.0103 -0.0244 0.5947
1341845961.7459 -0.3108 -2.8013 1.4473 -0.7985 0.0108 -0.024 0.6014
1341845961.7781 -0.2867 -2.721 1.4441 -0.8035 0.0103 -0.0244 0.5947
1341845961.8098 -0.2867 -2.721 1.4441 -0.8035 0.0103 -0.0244 0.5947
1341845961.8457 -0.2867 -2.721 1.4441 -0.8035 0.0103 -0.0244 0.5947
1341845961.8779 -0.2867 -2.721 1.4441 -0.8035 0.0103 -0.0244 0.5947
1341845961.9137 -0.2867 -2.721 1.4441 -0.8035 0.0103 -0.0244 0.5947
1341845961.9459 -0.2867 -2.721 1.4441 -0.8035 0.0103 -0.0244 0.5947
1341845961.9779 -0.33 -2.8162 1.4471 -0.8007 0.0134 -0.0232 0.5985
1341845962.014 -0.2867 -2.721 1.4441 -0.8035 0.0103 -0.0244 0.5947
1341845962.0467 -0.2867 -2.721 1.4441 -0.8035 0.0103 -0.0244 0.5947
1341845962.0782 -0.3044 -2.7884 1.4566 -0.8009 0.0109 -0.0229 0.5982
1341845962.114 -0.2867 -2.721 1.4441 -0.8035 0.0103 -0.0244 0.5947
1341845962.1458 -0.3407 -2.7956 1.4619 -0.8032 0.0088 -0.0262 0.5951
1341845962.182 -0.2867 -2.721 1.4441 -0.8035 0.0103 -0.0244 0.5947
1341845962.2141 -0.3083 -2.7918 1.4758 -0.8013 0.0077 -0.0236 0.5978
1341845962.2458 -0.2867 -2.721 1.4441 -0.8035 0.0103 -0.0244 0.5947
1341845962.2819 -0.2914 -2.801 1.4874 -0.8005 0.01 -0.0247 0.5987
1341845962.3139 -0.2867 -2.721 1.4441 -0.8035 0.0103 -0.0244 0.5947
1341845962.3499 -0.3234 -2.7397 1.4712 -0.8004 0.0062 -0.0247 0.5989
1341845962.3819 -0.2867 -2.721 1.4441 -0.8035 0.0103 -0.0244 0.5947
1341845962.4137 -0.2667 -2.7998 1.3449 -0.8033 0.0122 -0.0234 0.595
1341845962.4498 -0.2867 -2.721 1.4441 -0.8035 0.0103 -0.0244 0.5947
1341845962.4878 -0.2866 -2.7831 1.4199 -0.8011 0.0104 -0.0213 0.5981
1341845962.5499 -0.2867 -2.721 1.4441 -0.8035 0.0103 -0.0244 0.5947
1341845962.5819 -0.2759 -2.8303 1.4434 -0.8019 0.0107 -0.0259 0.5967
1341845962.6179 -0.2867 -2.721 1.4441 -0.8035 0.0103 -0.0244 0.5947
1341845962.6499 -0.2893 -2.7946 1.385 -0.8031 0.0096 -0.0266 0.5952
1341845962.6821 -0.2867 -2.721 1.4441 -0.8035 0.0103 -0.0244 0.5947
1341845962.7179 -0.2867 -2.721 1.4441 -0.8035 0.0103 -0.0244 0.5947
1341845962.7499 -0.2811 -2.7436 1.3937 -0.803 0.0071 -0.0232 0.5954
1341845962.782 -0.2867 -2.721 1.4441 -0.8035 0.0103 -0.0244 0.5947
1341845962.8178 -0.2867 -2.721 1.4441 -0.8035 0.0103 -0.0244 0.5947
1341845962.8498 -0.3016 -2.7818 1.4373 -0.8022 0.0066 -0.0253 0.5965
1341845962.8858 -0.3211 -2.822 1.3685 -0.8015 0.0068 -0.0268 0.5973
1341845962.9186 -0.2867 -2.721 1.4441 -0.8035 0.0103 -0.0244 0.5947
1341845962.9644 -0.2867 -2.721 1.4441 -0.8035 0.0103 -0.0244 0.5947
1341845963.0178 -0.3264 -2.7616 1.3879 -0.7954 0.0091 -0.0275 0.6055
1341845963.0859 -0.2867 -2.721 1.4441 -0.8035 0.0103 -0.0244 0.5947
1341845963.1179 -0.2849 -2.7834 1.3795 -0.798 0.0087 -0.0261 0.602
1341845963.1542 -0.2867 -2.721 1.4441 -0.8035 0.0103 -0.0244 0.5947
1341845963.1858 -0.2954 -2.7543 1.4644 -0.8012 0.0066 -0.0249 0.5979
1341845963.2178 -0.2867 -2.721 1.4441 -0.8035 0.0103 -0.0244 0.5947
1341845963.2539 -0.2992 -2.7405 1.4354 -0.8013 0.0086 -0.0252 0.5977
1341845963.2858 -0.2867 -2.721 1.4441 -0.8035 0.0103 -0.0244 0.5947
1341845963.3219 -0.2954 -2.7509 1.4458 -0.8014 0.0036 -0.0236 0.5976
1341845963.3537 -0.2867 -2.721 1.4441 -0.8035 0.0103 -0.0244 0.5947
1341845963.3858 -0.2935 -2.7651 1.4895 -0.7974 0.0118 -0.0264 0.6028
1341845963.4219 -0.2867 -2.721 1.4441 -0.8035 0.0103 -0.0244 0.5947
1341845963.4539 -0.2909 -2.7453 1.4616 -0.7997 0.0063 -0.0291 0.5996
1341845963.4859 -0.2867 -2.721 1.4441 -0.8035 0.0103 -0.0244 0.5947
1341845963.5217 -0.1942 -2.7435 1.5327 -0.804 0.0101 -0.0296 0.5938
1341845963.5537 -0.2867 -2.721 1.4441 -0.8035 0.0103 -0.0244 0.5947
1341845963.59 -0.3368 -2.7502 1.378 -0.8033 0.0024 -0.0354 0.5945
1341845963.6219 -0.2867 -2.721 1.4441 -0.8035 0.0103 -0.0244 0.5947
1341845963.6544 -0.3424 -2.7419 1.5491 -0.8019 0.0016 -0.0317 0.5966
1341845963.69 -0.2867 -2.721 1.4441 -0.8035 0.0103 -0.0244 0.5947
1341845963.7219 -0.2968 -2.6879 1.476 -0.8039 0.0084 -0.0309 0.5939
1341845963.7538 -0.2867 -2.721 1.4441 -0.8035 0.0103 -0.0244 0.5947
1341845963.7901 -0.3284 -2.7235 1.4568 -0.7997 0.0072 -0.0299 0.5996
1341845963.8218 -0.2867 -2.721 1.4441 -0.8035 0.0103 -0.0244 0.5947
1341845963.8579 -0.3448 -2.7204 1.4889 -0.8016 0.0069 -0.0289 0.5971
1341845963.8915 -0.2867 -2.721 1.4441 -0.8035 0.0103 -0.0244 0.5947
1341845963.922 -0.3843 -2.724 1.4643 -0.7989 0.0018 -0.0354 0.6004
1341845963.9577 -0.2867 -2.721 1.4441 -0.8035 0.0103 -0.0244 0.5947
1341845963.9899 -0.3202 -2.7436 1.4914 -0.8014 0.0093 -0.0286 0.5974
1341845964.0219 -0.2867 -2.721 1.4441 -0.8035 0.0103 -0.0244 0.5947
1341845964.0579 -0.3278 -2.6699 1.431 -0.806 0.0066 -0.0299 0.5911
1341845964.0899 -0.2867 -2.721 1.4441 -0.8035 0.0103 -0.0244 0.5947
1341845964.1258 -0.3144 -2.7627 1.4827 -0.801 0.007 -0.0318 0.5977
1341845964.1577 -0.2867 -2.721 1.4441 -0.8035 0.0103 -0.0244 0.5947
1341845964.1898 -0.3664 -2.6329 1.3771 -0.8085 -0.0003 -0.0286 0.5878
1341845964.2257 -0.2867 -2.721 1.4441 -0.8035 0.0103 -0.0244 0.5947
1341845964.2578 -0.5214 -2.7147 1.5699 -0.8033 -0.0149 -0.0781 0.5902
1341845964.2901 -0.5907 -2.7034 1.5208 -0.8037 -0.0175 -0.083 0.589
1341845964.3258 -0.2867 -2.721 1.4441 -0.8035 0.0103 -0.0244 0.5947
1341845964.3578 -0.2986 -2.7285 1.4732 -0.8037 0.0085 -0.0287 0.5943
1341845964.3998 -0.2867 -2.721 1.4441 -0.8035 0.0103 -0.0244 0.5947
1341845964.458 -0.3219 -2.7265 1.4168 -0.8022 0.005 -0.032 0.5962
1341845964.4937 -0.2867 -2.721 1.4441 -0.8035 0.0103 -0.0244 0.5947
1341845964.5259 -0.2998 -2.7381 1.4715 -0.8044 0.0135 -0.031 0.5931
1341845964.5618 -0.2867 -2.721 1.4441 -0.8035 0.0103 -0.0244 0.5947
1341845964.5937 -0.3114 -2.7179 1.4065 -0.8022 0.0044 -0.0293 0.5963
1341845964.6257 -0.2867 -2.721 1.4441 -0.8035 0.0103 -0.0244 0.5947
1341845964.6618 -0.3171 -2.7473 1.4524 -0.8031 0.0088 -0.0273 0.5952
1341845964.6938 -0.2867 -2.721 1.4441 -0.8035 0.0103 -0.0244 0.5947
1341845964.726 -0.3352 -2.7186 1.4803 -0.8036 0.0057 -0.0319 0.5943
1341845964.7618 -0.2867 -2.721 1.4441 -0.8035 0.0103 -0.0244 0.5947
1341845964.794 -0.3264 -2.7141 1.3892 -0.8059 0.0052 -0.0295 0.5912
1341845964.83 -0.2867 -2.721 1.4441 -0.8035 0.0103 -0.0244 0.5947
1341845964.8619 -0.3343 -2.7319 1.411 -0.803 0.0089 -0.0285 0.5953
1341845964.8937 -0.2867 -2.721 1.4441 -0.8035 0.0103 -0.0244 0.5947
1341845964.9299 -0.307 -2.7393 1.4669 -0.8024 0.0105 -0.0247 0.5962
1341845964.9618 -0.2867 -2.721 1.4441 -0.8035 0.0103 -0.0244 0.5947
1341845965.0298 -0.3493 -2.7514 1.4374 -0.8045 0.0094 -0.0277 0.5933
1341845965.0619 -0.2867 -2.721 1.4441 -0.8035 0.0103 -0.0244 0.5947
1341845965.0978 -0.3204 -2.7212 1.4302 -0.8038 0.0068 -0.0275 0.5942
1341845965.1301 -0.2867 -2.721 1.4441 -0.8035 0.0103 -0.0244 0.5947
1341845965.1626 -0.3078 -2.7273 1.4127 -0.8039 0.0044 -0.0268 0.5941
1341845965.1985 -0.2867 -2.721 1.4441 -0.8035 0.0103 -0.0244 0.5947
1341845965.2303 -0.3196 -2.7174 1.4582 -0.8026 0.0086 -0.0296 0.5957
1341845965.2984 -0.2867 -2.721 1.4441 -0.8035 0.0103 -0.0244 0.5947
1341845965.331 -0.3473 -2.7227 1.4217 -0.8029 0.008 -0.0339 0.5951
1341845965.366 -0.2867 -2.721 1.4441 -0.8035 0.0103 -0.0244 0.5947
1341845965.3986 -0.2999 -2.7248 1.454 -0.8027 0.0076 -0.0316 0.5955
1341845965.4319 -0.2867 -2.721 1.4441 -0.8035 0.0103 -0.0244 0.5947
1341845965.4661 -0.3333 -2.7124 1.4229 -0.803 0.0081 -0.0314 0.595
1341845965.4987 -0.5169 -2.7163 1.4589 -0.7985 -0.0061 -0.067 0.5982
1341845965.5389 -0.2867 -2.721 1.4441 -0.8035 0.0103 -0.0244 0.5947
1341845965.5745 -0.3263 -2.7233 1.4529 -0.8013 0.0123 -0.032 0.5972
1341845965.6041 -0.2867 -2.721 1.4441 -0.8035 0.0103 -0.0244 0.5947
1341845965.6402 -0.3083 -2.7212 1.4174 -0.8031 0.0088 -0.0317 0.595
1341845965.6718 -0.2867 -2.721 1.4441 -0.8035 0.0103 -0.0244 0.5947
1341845965.7038 -0.3174 -2.711 1.4467 -0.8042 0.0102 -0.0311 0.5934
1341845965.7399 -0.2867 -2.721 1.4441 -0.8035 0.0103 -0.0244 0.5947
1341845965.772 -0.3156 -2.7146 1.4278 -0.8029 0.007 -0.0289 0.5954
1341845965.8037 -0.2867 -2.721 1.4441 -0.8035 0.0103 -0.0244 0.5947
1341845965.84 -0.3227 -2.732 1.436 -0.8034 0.0107 -0.0267 0.5948
1341845965.8717 -0.2867 -2.721 1.4441 -0.8035 0.0103 -0.0244 0.5947
1341845965.9078 -0.3083 -2.7149 1.4201 -0.8025 0.0077 -0.0258 0.596
1341845965.9399 -0.2867 -2.721 1.4441 -0.8035 0.0103 -0.0244 0.5947
1341845965.9718 -0.298 -2.7258 1.4125 -0.8039 0.013 -0.0242 0.5941
1341845966.0077 -0.2867 -2.721 1.4441 -0.8035 0.0103 -0.0244 0.5947
1341845966.0399 -0.7363 -2.6863 1.4325 -0.795 0.0015 -0.0797 0.6014
1341845966.0718 -0.754 -2.6856 1.4717 -0.7938 0.0043 -0.0775 0.6032
1341845966.1077 -0.2867 -2.721 1.4441 -0.8035 0.0103 -0.0244 0.5947
1341845966.1397 -0.3041 -2.721 1.4511 -0.803 0.0086 -0.0233 0.5955
1341845966.1718 -0.2867 -2.721 1.4441 -0.8035 0.0103 -0.0244 0.5947
1341845966.2078 -0.2759 -2.7161 1.4456 -0.8024 0.0127 -0.0197 0.5963
1341845966.2399 -0.2867 -2.721 1.4441 -0.8035 0.0103 -0.0244 0.5947
1341845966.2759 -0.3013 -2.702 1.4377 -0.8031 0.0127 -0.0224 0.5953
1341845966.3079 -0.2867 -2.721 1.4441 -0.8035 0.0103 -0.0244 0.5947
1341845966.3399 -0.2682 -2.7196 1.454 -0.8023 0.0124 -0.0207 0.5964
1341845966.3758 -0.2867 -2.721 1.4441 -0.8035 0.0103 -0.0244 0.5947
1341845966.4084 -0.2688 -2.7023 1.4631 -0.8021 0.0219 -0.0157 0.5966
1341845966.47 -0.2867 -2.721 1.4441 -0.8035 0.0103 -0.0244 0.5947
1341845966.5021 -0.3545 -2.6915 1.3905 -0.8049 0.0129 -0.0209 0.5928
1341845966.5378 -0.2867 -2.721 1.4441 -0.8035 0.0103 -0.0244 0.5947
1341845966.5701 -0.3158 -2.7248 1.2174 -0.8033 0.0078 -0.0222 0.5951
1341845966.6057 -0.2867 -2.721 1.4441 -0.8035 0.0103 -0.0244 0.5947
1341845966.6379 -0.2011 -2.6441 1.6607 -0.8059 0.0145 -0.0157 0.5917
1341845966.6699 -0.2867 -2.721 1.4441 -0.8035 0.0103 -0.0244 0.5947
1341845966.706 -0.2681 -2.7028 1.4525 -0.8032 0.0072 -0.0179 0.5954
1341845966.7378 -0.2867 -2.721 1.4441 -0.8035 0.0103 -0.0244 0.5947
1341845966.7739 -0.2103 -2.7226 1.4386 -0.8041 0.0126 -0.0172 0.5942
1341845966.8061 -0.2867 -2.721 1.4441 -0.8035 0.0103 -0.0244 0.5947
1341845966.8379 -0.2623 -2.6991 1.4528 -0.8028 0.0111 -0.0157 0.5959
1341845966.8738 -0.2867 -2.721 1.4441 -0.8035 0.0103 -0.0244 0.5947
1341845966.9057 -0.2608 -2.7348 1.4822 -0.8019 0.0092 -0.0163 0.5972
1341845966.9378 -0.2867 -2.721 1.4441 -0.8035 0.0103 -0.0244 0.5947
1341845966.9738 -0.2438 -2.7296 1.412 -0.804 0.0144 -0.0158 0.5943
1341845967.0058 -0.2867 -2.721 1.4441 -0.8035 0.0103 -0.0244 0.5947
1341845967.0422 -0.2707 -2.697 1.4378 -0.804 0.0128 -0.0189 0.5943
1341845967.0738 -0.2867 -2.721 1.4441 -0.8035 0.0103 -0.0244 0.5947
1341845967.1059 -0.2464 -2.7336 1.4284 -0.8023 0.0135 -0.0181 0.5965
1341845967.1417 -0.1856 -2.6952 1.4279 -0.8013 0.0264 -0.0 0.5976
1341845967.1738 -0.2867 -2.721 1.4441 -0.8035 0.0103 -0.0244 0.5947
1341845967.206 -0.2303 -2.7296 1.4392 -0.8016 0.0152 -0.015 0.5975
1341845967.2417 -0.2867 -2.721 1.4441 -0.8035 0.0103 -0.0244 0.5947
1341845967.2739 -0.1267 -2.6984 1.4838 -0.7975 0.0327 0.0165 0.6022
1341845967.31 -0.0836 -2.6993 1.5097 -0.7972 0.0378 0.0233 0.602
1341845967.3417 -0.2867 -2.721 1.4441 -0.8035 0.0103 -0.0244 0.5947
1341845967.3739 -0.2757 -2.703 1.4566 -0.803 0.0125 -0.0195 0.5955
1341845967.4099 -0.2867 -2.721 1.4441 -0.8035 0.0103 -0.0244 0.5947
1341845967.4419 -0.2437 -2.7116 1.45 -0.8029 0.0102 -0.0181 0.5958
1341845967.4738 -0.2867 -2.721 1.4441 -0.8035 0.0103 -0.0244 0.5947
1341845967.5098 -0.2676 -2.7125 1.4579 -0.8036 0.0131 -0.0223 0.5946
1341845967.5418 -0.1406 -2.6962 1.4873 -0.8018 0.0149 -0.0092 0.5974
1341845967.5838 -0.2867 -2.721 1.4441 -0.8035 0.0103 -0.0244 0.5947
1341845967.6419 -0.2276 -2.6969 1.4227 -0.8025 0.0086 -0.0176 0.5964
1341845967.6778 -0.2867 -2.721 1.4441 -0.8035 0.0103 -0.0244 0.5947
1341845967.7099 -0.1523 -2.6874 1.4869 -0.7949 0.0 -0.0087 0.6067
1341845967.7459 -0.1227 -2.6943 1.5051 -0.795 0.0027 -0.0075 0.6065
1341845967.7787 -0.2867 -2.721 1.4441 -0.8035 0.0103 -0.0244 0.5947
1341845967.8098 -0.2627 -2.7126 1.4362 -0.8022 0.0073 -0.0225 0.5966
1341845967.8459 -0.2867 -2.721 1.4441 -0.8035 0.0103 -0.0244 0.5947
1341845967.8784 -0.2501 -2.7199 1.4386 -0.803 0.0151 -0.0202 0.5955
1341845967.9101 -0.2867 -2.721 1.4441 -0.8035 0.0103 -0.0244 0.5947
1341845967.9458 -0.2629 -2.7202 1.4545 -0.8026 0.0084 -0.0204 0.5961
1341845967.9779 -0.2867 -2.721 1.4441 -0.8035 0.0103 -0.0244 0.5947
1341845968.0139 -0.2448 -2.731 1.4428 -0.8043 0.0122 -0.019 0.5938
1341845968.046 -0.1568 -2.7278 1.4663 -0.8048 0.0152 -0.0062 0.5934
1341845968.0778 -0.2867 -2.721 1.4441 -0.8035 0.0103 -0.0244 0.5947
1341845968.1138 -0.2537 -2.7202 1.4385 -0.8028 0.013 -0.0186 0.5958
1341845968.1463 -0.117 -2.7082 1.4179 -0.8036 0.0157 0.0042 0.595
1341845968.178 -0.2867 -2.721 1.4441 -0.8035 0.0103 -0.0244 0.5947
1341845968.2138 -0.2491 -2.7215 1.4774 -0.8021 0.0144 -0.0173 0.5968
1341845968.246 -0.1088 -2.7052 1.445 -0.7973 0.0182 0.0127 0.6032
1341845968.2818 -0.2867 -2.721 1.4441 -0.8035 0.0103 -0.0244 0.5947
1341845968.3139 -0.2399 -2.7178 1.4662 -0.8034 0.012 -0.0183 0.595
1341845968.3818 -0.2867 -2.721 1.4441 -0.8035 0.0103 -0.0244 0.5947
1341845968.4138 -0.1896 -2.7095 1.3783 -0.8074 0.0143 0.001 0.5898
1341845968.4458 0.2066 -2.6755 1.4122 -0.8008 0.0263 0.072 0.594
1341845968.482 -0.2867 -2.721 1.4441 -0.8035 0.0103 -0.0244 0.5947
1341845968.5139 -0.2532 -2.7177 1.4553 -0.8064 0.0157 -0.0174 0.5909
1341845968.5499 -0.2867 -2.721 1.4441 -0.8035 0.0103 -0.0244 0.5947
1341845968.5818 -0.2821 -2.7188 1.4301 -0.8009 0.0052 -0.0181 0.5985
1341845968.6138 -0.1252 -2.7027 1.4177 -0.8046 0.013 0.0075 0.5937
1341845968.6499 -0.2867 -2.721 1.4441 -0.8035 0.0103 -0.0244 0.5947
1341845968.6818 -0.2607 -2.691 1.388 -0.8038 0.0049 -0.02 0.5945
1341845968.7139 -0.2867 -2.721 1.4441 -0.8035 0.0103 -0.0244 0.5947
1341845968.7499 -0.1975 -2.7345 1.4619 -0.8038 0.0154 -0.0209 0.5943
1341845968.7819 -0.1708 -2.7088 1.4328 -0.8052 0.0132 -0.0203 0.5925
1341845968.8178 -0.2867 -2.721 1.4441 -0.8035 0.0103 -0.0244 0.5947
1341845968.8503 -0.2276 -2.7308 1.4844 -0.8024 0.012 -0.0221 0.5963
1341845968.8818 0.0241 -2.6983 1.4608 -0.8042 0.0148 -0.0132 0.5941
1341845968.9177 -0.2867 -2.721 1.4441 -0.8035 0.0103 -0.0244 0.5947
1341845968.9499 -0.2541 -2.7163 1.4313 -0.8019 0.0083 -0.0233 0.5969
1341845968.986 -0.1923 -2.7107 1.4736 -0.802 0.0097 -0.0204 0.5969
1341845969.0177 -0.2867 -2.721 1.4441 -0.8035 0.0103 -0.0244 0.5947
1341845969.0499 -0.2608 -2.7276 1.3948 -0.8016 0.0087 -0.0236 0.5973
1341845969.0858 -0.0257 -2.7037 1.4619 -0.7994 0.0087 -0.0114 0.6006
1341845969.1178 -0.2867 -2.721 1.4441 -0.8035 0.0103 -0.0244 0.5947
1341845969.1499 -0.2338 -2.7158 1.4515 -0.8047 0.0103 -0.0238 0.5931
1341845969.1859 -0.2867 -2.721 1.4441 -0.8035 0.0103 -0.0244 0.5947
1341845969.2178 -0.2061 -2.7114 1.4933 -0.8041 0.0096 -0.0211 0.5941
1341845969.254 -0.0371 -2.6947 1.509 -0.807 0.0086 -0.0178 0.5902
1341845969.3179 -0.2867 -2.721 1.4441 -0.8035 0.0103 -0.0244 0.5947
1341845969.3538 -0.258 -2.7157 1.4038 -0.802 0.0055 -0.0212 0.5969
1341845969.3861 -0.2867 -2.721 1.4441 -0.8035 0.0103 -0.0244 0.5947
1341845969.4179 -0.205 -2.7118 1.5139 -0.8044 0.0104 -0.0154 0.5937
1341845969.4539 0.1294 -2.6908 1.5386 -0.8047 -0.0045 0.0028 0.5937
1341845969.4859 -0.2867 -2.721 1.4441 -0.8035 0.0103 -0.0244 0.5947
1341845969.5218 -0.2692 -2.7279 1.4389 -0.8041 0.0144 -0.0221 0.5939
1341845969.5539 -0.2867 -2.721 1.4441 -0.8035 0.0103 -0.0244 0.5947
1341845969.5859 -0.2504 -2.7068 1.4434 -0.802 0.0088 -0.0197 0.597
1341845969.6218 -0.2867 -2.721 1.4441 -0.8035 0.0103 -0.0244 0.5947
1341845969.6539 -0.2504 -2.7273 1.4735 -0.8063 0.0187 -0.0242 0.5907
1341845969.686 -0.1398 -2.7078 1.494 -0.8071 0.0234 -0.0183 0.5896
1341845969.7218 -0.2867 -2.721 1.4441 -0.8035 0.0103 -0.0244 0.5947
1341845969.7537 -0.241 -2.7231 1.466 -0.8026 0.0139 -0.0199 0.596
1341845969.79 -0.2867 -2.721 1.4441 -0.8035 0.0103 -0.0244 0.5947
1341845969.8218 -0.2495 -2.7147 1.4166 -0.8022 0.0097 -0.0208 0.5966
1341845969.8536 -0.2867 -2.721 1.4441 -0.8035 0.0103 -0.0244 0.5947
1341845969.89 -0.2212 -2.7214 1.4697 -0.8036 0.0153 -0.0181 0.5947
1341845969.922 -0.2867 -2.721 1.4441 -0.8035 0.0103 -0.0244 0.5947
1341845969.9579 -0.2513 -2.7258 1.4493 -0.8031 0.0156 -0.0188 0.5953
1341845969.9899 -0.2867 -2.721 1.4441 -0.8035 0.0103 -0.0244 0.5947
1341845970.0218 -0.2272 -2.7074 1.4393 -0.8037 0.0109 -0.0171 0.5947
1341845970.0579 -0.2867 -2.721 1.4441 -0.8035 0.0103 -0.0244 0.5947
1341845970.09 -0.1131 -2.7231 1.4828 -0.8043 0.0194 -0.0053 0.5938
1341845970.1219 -0.0494 -2.7066 1.4536 -0.8072 0.0199 0.0027 0.5899
1341845970.1581 -0.2867 -2.721 1.4441 -0.8035 0.0103 -0.0244 0.5947
1341845970.19 -0.2245 -2.7074 1.4299 -0.803 0.0103 -0.0177 0.5957
1341845970.2258 0.3307 -2.6786 1.4594 -0.8063 0.0369 0.046 0.5886
1341845970.2582 -0.2867 -2.721 1.4441 -0.8035 0.0103 -0.0244 0.5947
1341845970.2899 -0.2449 -2.7044 1.3857 -0.8041 0.0134 -0.0176 0.5941
1341845970.3258 -0.2867 -2.721 1.4441 -0.8035 0.0103 -0.0244 0.5947
1341845970.3578 -0.2408 -2.7284 1.4522 -0.8011 0.0079 -0.0177 0.5982
1341845970.4002 -0.1019 -2.6745 1.371 -0.7994 0.0131 0.0052 0.6006
1341845970.4322 -0.2867 -2.721 1.4441 -0.8035 0.0103 -0.0244 0.5947
1341845970.4645 -0.3647 -2.7499 1.5039 -0.8008 0.0073 -0.0221 0.5985
1341845970.5007 -0.3092 -2.7072 1.4898 -0.7975 0.0163 0.0053 0.6031
1341845970.5324 -0.2867 -2.721 1.4441 -0.8035 0.0103 -0.0244 0.5947
1341845970.5678 -0.3385 -2.6204 1.5396 -0.811 0.0134 -0.028 0.5842
1341845970.6 -0.2867 -2.721 1.4441 -0.8035 0.0103 -0.0244 0.5947
1341845970.6318 -0.2929 -2.6643 1.3902 -0.8103 0.0224 -0.0262 0.585
1341845970.6678 -0.2867 -2.721 1.4441 -0.8035 0.0103 -0.0244 0.5947
1341845970.7 -0.2992 -2.8405 1.414 -0.7983 0.0061 -0.022 0.6018
1341845970.7358 -0.2867 -2.721 1.4441 -0.8035 0.0103 -0.0244 0.5947
1341845970.7677 -0.2435 -2.7171 1.4323 -0.8069 0.0142 -0.0216 0.5902
1341845970.7999 -0.1595 -2.8652 1.4415 -0.802 0.0157 -0.013 0.5969
1341845970.8359 -0.2867 -2.721 1.4441 -0.8035 0.0103 -0.0244 0.5947
1341845970.8678 -0.2574 -2.7059 1.4481 -0.8029 0.011 -0.0212 0.5957
1341845970.8999 -0.2029 -2.7052 1.468 -0.8015 0.01 -0.0176 0.5977
1341845970.936 -0.2867 -2.721 1.4441 -0.8035 0.0103 -0.0244 0.5947
1341845970.9678 -0.2653 -2.7113 1.4219 -0.8077 0.013 -0.0221 0.589
1341845970.9998 -0.0848 -2.7119 1.534 -0.8085 0.0116 -0.0098 0.5883
1341845971.0358 -0.2867 -2.721 1.4441 -0.8035 0.0103 -0.0244 0.5947
1341845971.0678 -0.1122 -2.7011 1.454 -0.8144 0.0154 -0.0132 0.5799
1341845971.0997 0.0505 -2.7051 1.5251 -0.8121 0.014 0.0013 0.5834
1341845971.1357 -0.2867 -2.721 1.4441 -0.8035 0.0103 -0.0244 0.5947
1341845971.1678 -0.248 -2.7041 1.4117 -0.8035 0.013 -0.0217 0.5948
1341845971.2038 -0.2867 -2.721 1.4441 -0.8035 0.0103 -0.0244 0.5947
1341845971.2359 -0.2417 -2.7269 1.4955 -0.8024 0.0127 -0.0216 0.5962
1341845971.2678 -0.1088 -2.6987 1.4889 -0.8008 0.0248 -0.0126 0.5983
1341845971.3039 -0.2867 -2.721 1.4441 -0.8035 0.0103 -0.0244 0.5947
1341845971.3358 -0.2378 -2.7328 1.4738 -0.8009 0.005 -0.0204 0.5984
1341845971.3677 -0.0596 -2.7119 1.5203 -0.8029 0.0193 -0.0074 0.5958
1341845971.4039 -0.2867 -2.721 1.4441 -0.8035 0.0103 -0.0244 0.5947
1341845971.4361 -0.2485 -2.7231 1.4514 -0.7997 0.0035 -0.0199 0.6001
1341845971.4677 -0.2867 -2.721 1.4441 -0.8035 0.0103 -0.0244 0.5947
1341845971.5038 -0.2617 -2.7039 1.3998 -0.8042 0.0135 -0.0216 0.5938
1341845971.5358 -0.2867 -2.721 1.4441 -0.8035 0.0103 -0.0244 0.5947
1341845971.568 -0.157 -2.7206 1.4569 -0.8031 0.0083 -0.0179 0.5955
1341845971.6039 -0.1256 -2.7041 1.4 -0.8064 0.0165 -0.0184 0.5909
1341845971.6364 -0.2867 -2.721 1.4441 -0.8035 0.0103 -0.0244 0.5947
1341845971.6718 -0.3614 -2.8291 1.3638 -0.7981 0.0045 -0.027 0.6019
1341845971.7039 -0.2867 -2.721 1.4441 -0.8035 0.0103 -0.0244 0.5947
1341845971.7357 -0.2207 -2.6603 1.4617 -0.8053 0.0074 -0.0244 0.5924
1341845971.7717 -0.2867 -2.721 1.4441 -0.8035 0.0103 -0.0244 0.5947
1341845971.8038 -0.1559 -2.6916 1.4347 -0.8093 0.0183 -0.0262 0.5865
1341845971.8358 -0.2867 -2.721 1.4441 -0.8035 0.0103 -0.0244 0.5947
1341845971.8718 -0.2505 -2.725 1.4745 -0.8011 0.0079 -0.0238 0.5981
1341845971.9038 0.1713 -2.6691 1.4076 -0.8139 0.0218 -0.0337 0.5796
1341845971.9399 -0.2867 -2.721 1.4441 -0.8035 0.0103 -0.0244 0.5947
1341845971.9718 -0.218 -2.7264 1.4357 -0.8031 0.0092 -0.0239 0.5952
1341845972.0039 -0.2164 -2.7529 1.4706 -0.8028 0.0108 -0.0239 0.5956
1341845972.0398 -0.2867 -2.721 1.4441 -0.8035 0.0103 -0.0244 0.5947
1341845972.0718 -0.2794 -2.7177 1.4457 -0.8035 0.0091 -0.025 0.5946
1341845972.1078 -0.2867 -2.721 1.4441 -0.8035 0.0103 -0.0244 0.5947
1341845972.1398 -0.3039 -2.7303 1.4535 -0.8066 0.0117 -0.0247 0.5904
1341845972.1717 -0.3416 -2.7417 1.4233 -0.8067 0.0071 -0.0269 0.5903
1341845972.2079 -0.2867 -2.721 1.4441 -0.8035 0.0103 -0.0244 0.5947
1341845972.2701 -0.3181 -2.698 1.5163 -0.8052 0.0021 -0.0218 0.5926
1341845972.3018 -0.4298 -2.6965 1.5627 -0.8085 0.0015 -0.0267 0.5879
1341845972.3342 -0.2867 -2.721 1.4441 -0.8035 0.0103 -0.0244 0.5947
1341845972.3698 -0.3958 -2.8028 1.446 -0.8051 0.0129 -0.0319 0.5921
1341845972.4017 -0.2867 -2.721 1.4441 -0.8035 0.0103 -0.0244 0.5947
1341845972.4378 -0.5623 -2.7703 1.5693 -0.8151 0.0215 -0.0506 0.5768
1341845972.4698 -0.6099 -2.7856 1.5884 -0.8159 0.0226 -0.054 0.5752
1341845972.5018 -0.2867 -2.721 1.4441 -0.8035 0.0103 -0.0244 0.5947
1341845972.5379 -0.3346 -2.7382 1.4762 -0.8052 0.0103 -0.0296 0.5921
1341845972.5699 -0.5173 -2.7616 1.5583 -0.8108 0.0112 -0.047 0.5833
1341845972.6019 -0.2867 -2.721 1.4441 -0.8035 0.0103 -0.0244 0.5947
1341845972.6378 -0.3466 -2.7303 1.4616 -0.8049 0.0062 -0.0319 0.5925
1341845972.6699 -0.2867 -2.721 1.4441 -0.8035 0.0103 -0.0244 0.5947
1341845972.7058 -0.3385 -2.7376 1.435 -0.8074 0.0072 -0.0315 0.5892
1341845972.7377 -0.2867 -2.721 1.4441 -0.8035 0.0103 -0.0244 0.5947
1341845972.77 -0.3432 -2.7245 1.4717 -0.8048 0.0087 -0.0307 0.5927
1341845972.8057 -0.2867 -2.721 1.4441 -0.8035 0.0103 -0.0244 0.5947
1341845972.8379 -0.3441 -2.7372 1.4694 -0.8044 0.0096 -0.0293 0.5933
1341845972.8699 -0.2867 -2.721 1.4441 -0.8035 0.0103 -0.0244 0.5947
1341845972.9058 -0.3401 -2.7217 1.4665 -0.8036 0.0103 -0.026 0.5945
1341845972.9378 -0.2867 -2.721 1.4441 -0.8035 0.0103 -0.0244 0.5947
1341845973.0066 -0.4749 -2.7267 1.5016 -0.8043 0.009 -0.029 0.5935
1341845973.0378 -0.5256 -2.7401 1.5048 -0.803 0.0064 -0.0298 0.5952
1341845973.0737 -0.2867 -2.721 1.4441 -0.8035 0.0103 -0.0244 0.5947
1341845973.106 -0.3277 -2.7184 1.4686 -0.8058 0.0089 -0.0264 0.5915
1341845973.1379 -0.2867 -2.721 1.4441 -0.8035 0.0103 -0.0244 0.5947
1341845973.1738 -0.3393 -2.7224 1.4532 -0.8035 0.0068 -0.0261 0.5947
1341845973.2059 -0.4719 -2.7311 1.4653 -0.8082 0.0025 -0.0331 0.588
1341845973.2419 -0.2867 -2.721 1.4441 -0.8035 0.0103 -0.0244 0.5947
1341845973.274 -0.3395 -2.7148 1.4523 -0.804 0.0072 -0.0268 0.594
1341845973.3065 -0.5289 -2.7247 1.4569 -0.8078 -0.0003 -0.035 0.5884
1341845973.3419 -0.2867 -2.721 1.4441 -0.8035 0.0103 -0.0244 0.5947
1341845973.3739 -0.3367 -2.7336 1.445 -0.8047 0.0094 -0.0286 0.593
1341845973.4098 -0.2867 -2.721 1.4441 -0.8035 0.0103 -0.0244 0.5947
1341845973.4418 -0.3361 -2.7054 1.4067 -0.8046 0.0098 -0.0285 0.5931
1341845973.4742 -0.2867 -2.721 1.4441 -0.8035 0.0103 -0.0244 0.5947
1341845973.5098 -0.3401 -2.7274 1.4335 -0.8055 0.0083 -0.0292 0.5918
1341845973.5419 -0.5979 -2.7132 1.4008 -0.8122 0.0027 -0.0532 0.5809
1341845973.5739 -0.2867 -2.721 1.4441 -0.8035 0.0103 -0.0244 0.5947
1341845973.6097 -0.3528 -2.722 1.434 -0.8059 0.0078 -0.0301 0.5912
1341845973.6418 -0.2867 -2.721 1.4441 -0.8035 0.0103 -0.0244 0.5947
1341845973.6778 -0.3405 -2.7065 1.4126 -0.8023 0.0066 -0.0291 0.5962
1341845973.7099 -0.2867 -2.721 1.4441 -0.8035 0.0103 -0.0244 0.5947
1341845973.7418 -0.4787 -2.706 1.3937 -0.8033 0.0028 -0.0374 0.5944
1341845973.7779 -1.0321 -2.6749 1.3413 -0.8165 -0.0133 -0.0879 0.5704
1341845973.8102 -0.2867 -2.721 1.4441 -0.8035 0.0103 -0.0244 0.5947
1341845973.8417 -0.3358 -2.7283 1.4559 -0.8039 0.0104 -0.0309 0.5939
1341845973.8778 -0.2867 -2.721 1.4441 -0.8035 0.0103 -0.0244 0.5947
1341845973.9099 -0.7815 -2.6444 1.2995 -0.8051 -0.0151 -0.0669 0.5892
1341845973.946 -0.8208 -2.6647 1.2889 -0.8024 -0.0138 -0.0759 0.5918
1341845973.9779 -0.2867 -2.721 1.4441 -0.8035 0.0103 -0.0244 0.5947
1341845974.01 -0.3566 -2.7222 1.406 -0.8048 0.0093 -0.0304 0.5927
1341845974.0458 -0.2867 -2.721 1.4441 -0.8035 0.0103 -0.0244 0.5947
1341845974.0779 -0.3393 -2.713 1.4144 -0.8015 0.0012 -0.0263 0.5974
1341845974.1098 -0.9744 -2.678 1.1936 -0.7997 -0.0272 -0.0881 0.5933
1341845974.1457 -0.2867 -2.721 1.4441 -0.8035 0.0103 -0.0244 0.5947
1341845974.1778 -0.3219 -2.7379 1.4474 -0.804 0.0064 -0.0281 0.5939
1341845974.2138 -0.8075 -2.7695 1.1862 -0.7962 -0.0305 -0.0723 0.5999
1341845974.2458 -0.2867 -2.721 1.4441 -0.8035 0.0103 -0.0244 0.5947
1341845974.2789 -0.3358 -2.7446 1.3991 -0.8063 0.0065 -0.0302 0.5907
1341845974.3138 -0.2867 -2.721 1.4441 -0.8035 0.0103 -0.0244 0.5947
1341845974.346 -0.3485 -2.7192 1.4434 -0.8035 0.0133 -0.0247 0.5946
1341845974.3817 -0.2867 -2.721 1.4441 -0.8035 0.0103 -0.0244 0.5947
1341845974.4138 -0.3157 -2.7196 1.3747 -0.8033 0.0104 -0.0241 0.595
1341845974.4458 -0.2867 -2.721 1.4441 -0.8035 0.0103 -0.0244 0.5947
1341845974.4818 -0.3154 -2.7195 1.4617 -0.8025 0.0083 -0.0211 0.5962
1341845974.5138 -0.2867 -2.721 1.4441 -0.8035 0.0103 -0.0244 0.5947
1341845974.5459 -0.3466 -2.7091 1.4076 -0.8024 0.0044 -0.0198 0.5964
1341845974.5818 -0.2867 -2.721 1.4441 -0.8035 0.0103 -0.0244 0.5947
1341845974.6139 -0.3151 -2.7376 1.4674 -0.7998 -0.0055 -0.0201 0.6
1341845974.6499 -0.2867 -2.721 1.4441 -0.8035 0.0103 -0.0244 0.5947
1341845974.6819 -0.2961 -2.6968 1.4931 -0.8033 0.0051 -0.0189 0.5953
1341845974.7139 -0.2867 -2.721 1.4441 -0.8035 0.0103 -0.0244 0.5947
1341845974.7498 -0.3322 -2.7689 1.4243 -0.8008 0.0001 -0.0248 0.5984
1341845974.7838 -0.2867 -2.721 1.4441 -0.8035 0.0103 -0.0244 0.5947
1341845974.816 -0.2598 -2.6971 1.4168 -0.8061 0.011 -0.0209 0.5914
1341845974.85 -0.2867 -2.721 1.4441 -0.8035 0.0103 -0.0244 0.5947
1341845974.8822 -0.4088 -2.7483 1.505 -0.7985 -0.0024 -0.0213 0.6016
1341845974.9183 -0.2867 -2.721 1.4441 -0.8035 0.0103 -0.0244 0.5947
1341845974.9827 -0.3296 -2.7738 1.3769 -0.7983 -0.0002 -0.0142 0.6021
1341845975.018 -0.2867 -2.721 1.4441 -0.8035 0.0103 -0.0244 0.5947
1341845975.0511 -0.2826 -2.7102 1.4636 -0.8032 0.002 -0.0168 0.5954
1341845975.082 -0.4156 -2.83 1.4165 -0.7914 -0.0274 0.0047 0.6107
1341845975.1241 -0.2867 -2.721 1.4441 -0.8035 0.0103 -0.0244 0.5947
1341845975.1498 -0.3234 -2.745 1.4277 -0.8061 0.0033 -0.0215 0.5914
1341845975.1862 -0.3837 -2.8048 1.4117 -0.8039 -0.0271 -0.002 0.5942
1341845975.2499 -0.2867 -2.721 1.4441 -0.8035 0.0103 -0.0244 0.5947
1341845975.2859 -0.3311 -2.7228 1.4566 -0.8038 0.0023 -0.0164 0.5947
1341845975.3182 -0.4319 -2.9256 1.3426 -0.8006 -0.0314 0.0125 0.5982
1341845975.3498 -0.2867 -2.721 1.4441 -0.8035 0.0103 -0.0244 0.5947
1341845975.3857 -0.3996 -2.8226 1.3943 -0.8068 -0.0144 0.0069 0.5906
1341845975.4186 -0.4335 -2.8534 1.3511 -0.805 -0.021 0.017 0.5927
1341845975.4537 -0.2867 -2.721 1.4441 -0.8035 0.0103 -0.0244 0.5947
1341845975.4858 -0.2682 -2.7104 1.4216 -0.8036 0.0005 -0.0094 0.5951
1341845975.5184 -0.2867 -2.721 1.4441 -0.8035 0.0103 -0.0244 0.5947
1341845975.5538 -0.3002 -2.6835 1.4073 -0.8023 -0.0001 -0.0136 0.5967
1341845975.5858 -0.2867 -2.721 1.4441 -0.8035 0.0103 -0.0244 0.5947
1341845975.6218 -0.2911 -2.7351 1.445 -0.8026 0.0035 -0.0124 0.5964
1341845975.6539 -0.2867 -2.721 1.4441 -0.8035 0.0103 -0.0244 0.5947
1341845975.6858 -0.3178 -2.6783 1.4449 -0.8033 0.0016 -0.0163 0.5953
1341845975.7218 -0.2867 -2.721 1.4441 -0.8035 0.0103 -0.0244 0.5947
1341845975.7539 -0.2584 -2.7099 1.4191 -0.8037 0.0036 -0.0155 0.5948
1341845975.7859 -0.2867 -2.721 1.4441 -0.8035 0.0103 -0.0244 0.5947
1341845975.822 -0.2839 -2.7318 1.4391 -0.8029 0.0055 -0.0169 0.5958
1341845975.8538 -0.2867 -2.721 1.4441 -0.8035 0.0103 -0.0244 0.5947
1341845975.8899 -0.3028 -2.7129 1.4641 -0.8045 0.0013 -0.0207 0.5935
1341845975.9217 -0.2666 -2.7381 1.4042 -0.8035 -0.0194 -0.0008 0.5949
1341845975.9538 -0.2867 -2.721 1.4441 -0.8035 0.0103 -0.0244 0.5947
1341845975.9902 -0.3358 -2.7061 1.4474 -0.8032 -0.0045 -0.0187 0.5954
1341845976.0218 -0.2867 -2.721 1.4441 -0.8035 0.0103 -0.0244 0.5947
1341845976.054 -0.2786 -2.7408 1.4483 -0.8031 -0.0015 -0.0145 0.5956
1341845976.0898 -0.2867 -2.721 1.4441 -0.8035 0.0103 -0.0244 0.5947
1341845976.1218 -0.3079 -2.7294 1.4858 -0.8016 -0.002 -0.0116 0.5977
1341845976.1577 -0.2867 -2.721 1.4441 -0.8035 0.0103 -0.0244 0.5947
1341845976.1899 -0.2909 -2.744 1.4248 -0.8018 -0.0073 -0.0133 0.5974
1341845976.2219 -0.2867 -2.721 1.4441 -0.8035 0.0103 -0.0244 0.5947
1341845976.2577 -0.2868 -2.7287 1.4084 -0.8049 0.0022 -0.0144 0.5932
1341845976.2898 -0.2867 -2.721 1.4441 -0.8035 0.0103 -0.0244 0.5947
1341845976.3218 -0.3217 -2.7391 1.4831 -0.8018 -0.0018 -0.0174 0.5973
1341845976.3579 -0.2867 -2.721 1.4441 -0.8035 0.0103 -0.0244 0.5947
1341845976.3898 -0.2813 -2.7235 1.361 -0.8043 0.0053 -0.0185 0.594
1341845976.4258 -0.2867 -2.721 1.4441 -0.8035 0.0103 -0.0244 0.5947
1341845976.4578 -0.313 -2.7379 1.4942 -0.8032 0.0028 -0.0226 0.5953
1341845976.4906 -0.2867 -2.721 1.4441 -0.8035 0.0103 -0.0244 0.5947
1341845976.5259 -0.2693 -2.7275 1.3821 -0.8034 0.005 -0.0207 0.5951
1341845976.5577 -0.2867 -2.721 1.4441 -0.8035 0.0103 -0.0244 0.5947
1341845976.594 -0.2942 -2.7259 1.4294 -0.803 0.0019 -0.0172 0.5957
1341845976.6258 -0.2867 -2.721 1.4441 -0.8035 0.0103 -0.0244 0.5947
1341845976.6578 -0.3143 -2.6941 1.4146 -0.8003 -0.0052 -0.0152 0.5994
1341845976.6938 -0.2867 -2.721 1.4441 -0.8035 0.0103 -0.0244 0.5947
1341845976.7257 -0.2875 -2.7292 1.4562 -0.8017 0.0031 -0.0166 0.5975
1341845976.7578 -0.2867 -2.721 1.4441 -0.8035 0.0103 -0.0244 0.5947
1341845976.7938 -0.2851 -2.7148 1.4621 -0.8034 0.0057 -0.0216 0.595
1341845976.8263 -0.2867 -2.721 1.4441 -0.8035 0.0103 -0.0244 0.5947
1341845976.8618 -0.2784 -2.7419 1.4559 -0.8033 0.0057 -0.0242 0.595
1341845976.8938 -0.2867 -2.721 1.4441 -0.8035 0.0103 -0.0244 0.5947
1341845976.926 -0.2812 -2.7193 1.4479 -0.8025 0.0092 -0.0236 0.5961
1341845976.9618 -0.2867 -2.721 1.4441 -0.8035 0.0103 -0.0244 0.5947
1341845976.9938 -0.2774 -2.693 1.4427 -0.8034 0.0096 -0.0249 0.5948
1341845977.0259 -0.2867 -2.721 1.4441 -0.8035 0.0103 -0.0244 0.5947
1341845977.0619 -0.2685 -2.75 1.4436 -0.8012 0.0059 -0.023 0.5979
1341845977.0939 -0.28 -2.7065 1.5098 -0.8013 0.002 -0.0282 0.5976
1341845977.1298 -0.2867 -2.721 1.4441 -0.8035 0.0103 -0.0244 0.5947
1341845977.1619 -0.2685 -2.715 1.393 -0.8036 0.0109 -0.0256 0.5945
1341845977.1938 -0.2867 -2.721 1.4441 -0.8035 0.0103 -0.0244 0.5947
1341845977.2298 -0.2816 -2.716 1.4589 -0.8039 0.0146 -0.0299 0.5939
1341845977.2618 -0.2867 -2.721 1.4441 -0.8035 0.0103 -0.0244 0.5947
1341845977.2939 -0.271 -2.712 1.4569 -0.8049 0.02 -0.0388 0.5918
1341845977.3298 -0.2867 -2.721 1.4441 -0.8035 0.0103 -0.0244 0.5947
1341845977.3618 -0.2883 -2.7039 1.4985 -0.8061 0.0234 -0.0394 0.5901
1341845977.3978 -0.2867 -2.721 1.4441 -0.8035 0.0103 -0.0244 0.5947
1341845977.4298 -0.2857 -2.7151 1.4795 -0.8037 0.0194 -0.035 0.5937
1341845977.4618 -0.2867 -2.721 1.4441 -0.8035 0.0103 -0.0244 0.5947
1341845977.498 -0.2794 -2.7203 1.4495 -0.8058 0.0215 -0.035 0.5907
1341845977.5299 -0.2867 -2.721 1.4441 -0.8035 0.0103 -0.0244 0.5947
1341845977.5626 -0.2766 -2.7356 1.4589 -0.8027 0.0161 -0.0302 0.5954
1341845977.5979 -0.2867 -2.721 1.4441 -0.8035 0.0103 -0.0244 0.5947
1341845977.6341 -0.2771 -2.7194 1.4336 -0.8044 0.0218 -0.0361 0.5926
1341845977.6662 -0.2867 -2.721 1.4441 -0.8035 0.0103 -0.0244 0.5947
1341845977.7041 -0.2825 -2.7193 1.4548 -0.8041 0.0224 -0.039 0.5928
1341845977.7374 -0.2867 -2.721 1.4441 -0.8035 0.0103 -0.0244 0.5947
1341845977.8038 -0.2795 -2.7029 1.3975 -0.8034 0.0352 -0.0498 0.5923
1341845977.8659 -0.2867 -2.721 1.4441 -0.8035 0.0103 -0.0244 0.5947
1341845977.8979 -0.2973 -2.7132 1.4252 -0.8023 0.0217 -0.0368 0.5954
1341845977.9337 -0.2867 -2.721 1.4441 -0.8035 0.0103 -0.0244 0.5947
1341845977.9658 -0.2893 -2.7129 1.458 -0.8047 0.0242 -0.0386 0.592
1341845977.9979 -0.2867 -2.721 1.4441 -0.8035 0.0103 -0.0244 0.5947
1341845978.0339 -0.2936 -2.7176 1.4726 -0.803 0.0234 -0.0379 0.5943
1341845978.0658 -0.2867 -2.721 1.4441 -0.8035 0.0103 -0.0244 0.5947
1341845978.1017 -0.2799 -2.7298 1.4501 -0.8035 0.0233 -0.0383 0.5937
1341845978.1339 -0.2867 -2.721 1.4441 -0.8035 0.0103 -0.0244 0.5947
1341845978.166 -0.289 -2.7021 1.4375 -0.8047 0.0254 -0.0402 0.5918
1341845978.2018 -0.2867 -2.721 1.4441 -0.8035 0.0103 -0.0244 0.5947
1341845978.2338 -0.2905 -2.6984 1.4777 -0.8028 0.0226 -0.039 0.5946
1341845978.2661 -0.2867 -2.721 1.4441 -0.8035 0.0103 -0.0244 0.5947
1341845978.3018 -0.3011 -2.7396 1.4579 -0.8024 0.0269 -0.0416 0.5947
1341845978.3339 -0.2867 -2.721 1.4441 -0.8035 0.0103 -0.0244 0.5947
1341845978.3699 -0.2765 -2.705 1.4323 -0.8053 0.0295 -0.0446 0.5905
1341845978.4018 -0.2867 -2.721 1.4441 -0.8035 0.0103 -0.0244 0.5947
1341845978.4338 -0.2907 -2.7506 1.4533 -0.8029 0.0252 -0.0391 0.5944
1341845978.4699 -0.2867 -2.721 1.4441 -0.8035 0.0103 -0.0244 0.5947
1341845978.5019 -0.3226 -2.7106 1.4294 -0.8035 0.0212 -0.0371 0.5938
1341845978.5338 -0.3341 -2.7231 1.4064 -0.8007 0.033 -0.0463 0.5963
1341845978.57 -0.2867 -2.721 1.4441 -0.8035 0.0103 -0.0244 0.5947
1341845978.6022 -0.3083 -2.7384 1.438 -0.8047 0.0205 -0.0372 0.5921
1341845978.6386 -0.2867 -2.721 1.4441 -0.8035 0.0103 -0.0244 0.5947
1341845978.6776 -0.2896 -2.7041 1.4424 -0.8044 0.0196 -0.035 0.5927
1341845978.7119 -0.2867 -2.721 1.4441 -0.8035 0.0103 -0.0244 0.5947
1341845978.7441 -0.2836 -2.7128 1.4774 -0.8032 0.0195 -0.0334 0.5944
1341845978.776 -0.2867 -2.721 1.4441 -0.8035 0.0103 -0.0244 0.5947
1341845978.8134 -0.2842 -2.7217 1.4121 -0.8039 0.0157 -0.0312 0.5937
1341845978.8719 -0.2867 -2.721 1.4441 -0.8035 0.0103 -0.0244 0.5947
1341845978.9062 -0.2476 -2.6892 1.4783 -0.8078 0.0264 -0.042 0.5873
1341845978.9384 -0.2867 -2.721 1.4441 -0.8035 0.0103 -0.0244 0.5947
1341845978.9707 -0.28 -2.7104 1.4583 -0.8057 0.0207 -0.0376 0.5908
1341845979.0089 -0.2867 -2.721 1.4441 -0.8035 0.0103 -0.0244 0.5947
1341845979.0385 -0.2882 -2.7325 1.4491 -0.8039 0.0214 -0.0402 0.593
1341845979.1066 -0.2867 -2.721 1.4441 -0.8035 0.0103 -0.0244 0.5947
1341845979.1381 -0.2721 -2.7688 1.4308 -0.8063 0.0261 -0.0421 0.5894
1341845979.1742 -0.2867 -2.721 1.4441 -0.8035 0.0103 -0.0244 0.5947
1341845979.2078 -0.303 -2.715 1.4113 -0.8023 0.0164 -0.0377 0.5955
1341845979.2381 -0.2867 -2.721 1.4441 -0.8035 0.0103 -0.0244 0.5947
1341845979.2751 -0.2864 -2.6903 1.4445 -0.8081 0.0188 -0.0372 0.5875
1341845979.3062 -0.2867 -2.721 1.4441 -0.8035 0.0103 -0.0244 0.5947
1341845979.3417 -0.2722 -2.7764 1.465 -0.8031 0.0248 -0.045 0.5936
1341845979.3738 -0.2867 -2.721 1.4441 -0.8035 0.0103 -0.0244 0.5947
1341845979.4059 -0.2637 -2.6907 1.4705 -0.8049 0.0221 -0.0372 0.5918
1341845979.4418 -0.2867 -2.721 1.4441 -0.8035 0.0103 -0.0244 0.5947
1341845979.5064 -0.2665 -2.8561 1.398 -0.801 0.033 -0.0478 0.5958
1341845979.5418 -0.2867 -2.721 1.4441 -0.8035 0.0103 -0.0244 0.5947
1341845979.574 -0.2343 -2.6547 1.5461 -0.8046 0.018 -0.0346 0.5926
1341845979.6102 -0.2597 -2.6957 1.5232 -0.802 0.0306 -0.0532 0.5942
1341845979.6419 -0.2867 -2.721 1.4441 -0.8035 0.0103 -0.0244 0.5947
1341845979.6739 -0.2653 -2.6688 1.5051 -0.8027 0.012 -0.0298 0.5956
1341845979.7098 -0.2867 -2.721 1.4441 -0.8035 0.0103 -0.0244 0.5947
1341845979.7418 -0.2784 -2.6877 1.4677 -0.801 0.0213 -0.0429 0.5967
1341845979.7739 -0.2867 -2.721 1.4441 -0.8035 0.0103 -0.0244 0.5947
1341845979.8097 -0.2657 -2.8074 1.5416 -0.8058 0.0403 -0.0383 0.5896
1341845979.842 -0.2867 -2.721 1.4441 -0.8035 0.0103 -0.0244 0.5947
1341845979.8779 -0.265 -2.5083 1.3545 -0.8015 -0.0081 -0.0282 0.5973
1341845979.9097 -0.2867 -2.721 1.4441 -0.8035 0.0103 -0.0244 0.5947
1341845979.942 -0.2904 -2.9517 1.6099 -0.799 0.0466 -0.0478 0.5976
1341845979.978 -0.2867 -2.721 1.4441 -0.8035 0.0103 -0.0244 0.5947
1341845980.0099 -0.2218 -2.5348 1.34 -0.8017 -0.0081 -0.0214 0.5973
1341845980.046 0.5734 -2.7714 0.9261 -0.6684 0.5113 -0.3566 0.4059
1341845980.078 -0.2867 -2.721 1.4441 -0.8035 0.0103 -0.0244 0.5947
1341845980.1098 -0.5777 -2.6345 0.7234 -0.8016 -0.0093 -0.0284 0.5971
1341845980.1458 -0.2867 -2.721 1.4441 -0.8035 0.0103 -0.0244 0.5947
1341845980.1778 -0.5451 -2.7162 0.8599 -0.8017 -0.0017 -0.0271 0.5972
1341845980.2099 -0.2867 -2.721 1.4441 -0.8035 0.0103 -0.0244 0.5947
1341845980.2466 -0.251 -2.9101 0.8871 -0.7982 0.0074 -0.0248 0.6018
1341845980.2778 -0.2867 -2.721 1.4441 -0.8035 0.0103 -0.0244 0.5947
1341845980.3138 -0.1651 -2.9951 0.639 -0.7997 0.008 -0.0206 0.6
1341845980.3458 -0.2867 -2.721 1.4441 -0.8035 0.0103 -0.0244 0.5947
1341845980.3779 -0.2395 -2.7248 1.5662 -0.802 0.0095 -0.0226 0.5968
1341845980.4137 -0.2867 -2.721 1.4441 -0.8035 0.0103 -0.0244 0.5947
1341845980.4457 -0.3696 -2.4312 1.4569 -0.8075 0.0089 -0.0263 0.5893
1341845980.4782 -0.2867 -2.721 1.4441 -0.8035 0.0103 -0.0244 0.5947
1341845980.5138 -0.4415 -2.6842 1.802 -0.8058 0.0084 -0.0253 0.5915
1341845980.547 -0.4359 -2.5401 1.5916 -0.8068 0.0136 -0.0291 0.5899
1341845980.5819 -0.2867 -2.721 1.4441 -0.8035 0.0103 -0.0244 0.5947
1341845980.614 -0.2625 -2.6783 1.3799 -0.8055 0.0101 -0.0243 0.592
1341845980.6461 -0.2445 -2.6575 1.408 -0.8042 0.005 -0.0169 0.5942
1341845980.6817 -0.2867 -2.721 1.4441 -0.8035 0.0103 -0.0244 0.5947
1341845980.7139 -0.3428 -2.7754 1.4966 -0.8054 -0.0363 0.0187 0.5913
1341845980.7459 -0.3317 -2.5812 1.5591 -0.809 -0.0475 0.0346 0.5848
1341845980.7818 -0.2867 -2.721 1.4441 -0.8035 0.0103 -0.0244 0.5947
1341845980.8139 -0.2958 -2.7472 1.4772 -0.8032 -0.106 0.0744 0.5815
1341845980.8499 -0.2561 -2.6644 1.4435 -0.8077 -0.1203 0.0828 0.5713
1341845980.8817 -0.2867 -2.721 1.4441 -0.8035 0.0103 -0.0244 0.5947
1341845980.9138 -0.2286 -2.6703 1.3855 -0.81 0.0064 -0.0138 0.5863
1341845980.9499 -0.2867 -2.721 1.4441 -0.8035 0.0103 -0.0244 0.5947
1341845980.9819 -0.2396 -2.6961 1.4129 -0.8045 0.0089 -0.0131 0.5937
1341845981.0179 -0.2867 -2.721 1.4441 -0.8035 0.0103 -0.0244 0.5947
1341845981.0497 -0.3009 -2.7093 1.5061 -0.8035 0.0019 -0.0119 0.5951
1341845981.0819 -0.2867 -2.721 1.4441 -0.8035 0.0103 -0.0244 0.5947
1341845981.1179 -0.2896 -2.67 1.4738 -0.8018 -0.0228 0.0257 0.5966
1341845981.1501 -0.2505 -2.682 1.3497 -0.8026 -0.1225 0.1251 0.5703
1341845981.182 -0.2867 -2.721 1.4441 -0.8035 0.0103 -0.0244 0.5947
1341845981.2178 -0.3136 -2.7084 1.4505 -0.8029 -0.0061 -0.0029 0.596
1341845981.2499 -0.2867 -2.721 1.4441 -0.8035 0.0103 -0.0244 0.5947
1341845981.2858 -0.2797 -2.6923 1.5034 -0.8038 -0.0122 -0.0028 0.5948
1341845981.3178 -0.2867 -2.721 1.4441 -0.8035 0.0103 -0.0244 0.5947
1341845981.3499 -0.2056 -2.6402 1.3234 -0.7943 -0.0572 0.05 0.6028
1341845981.3858 -0.2502 -2.6657 1.3505 -0.7338 -0.2825 0.2735 0.554
1341845981.4177 -0.2867 -2.721 1.4441 -0.8035 0.0103 -0.0244 0.5947
1341845981.4498 -0.3005 -2.7507 1.4983 -0.8057 -0.0004 -0.0103 0.5922
1341845981.4859 -0.2867 -2.721 1.4441 -0.8035 0.0103 -0.0244 0.5947
1341845981.5178 -0.2601 -2.6996 1.4294 -0.801 -0.0059 -0.0101 0.5986
1341845981.554 -0.2867 -2.721 1.4441 -0.8035 0.0103 -0.0244 0.5947
1341845981.5859 -0.3236 -2.776 1.4825 -0.7998 -0.0012 -0.0132 0.6002
1341845981.6179 -0.2867 -2.721 1.4441 -0.8035 0.0103 -0.0244 0.5947
1341845981.6539 -0.2755 -2.7447 1.5124 -0.7904 -0.0761 0.0656 0.6043
1341845981.6859 -0.315 -2.7866 1.5208 -0.7959 -0.026 0.0165 0.6047
1341845981.718 -0.2867 -2.721 1.4441 -0.8035 0.0103 -0.0244 0.5947
1341845981.7539 -0.2922 -2.7083 1.482 -0.8054 0.0061 -0.021 0.5923
1341845981.7859 -0.2867 -2.721 1.4441 -0.8035 0.0103 -0.0244 0.5947
1341845981.822 -0.2846 -2.7418 1.4278 -0.8032 0.0047 -0.0184 0.5954
1341845981.8538 -0.2867 -2.721 1.4441 -0.8035 0.0103 -0.0244 0.5947
1341845981.8858 -0.2661 -2.7193 1.438 -0.8044 0.0057 -0.0192 0.5937
1341845981.922 -0.2867 -2.721 1.4441 -0.8035 0.0103 -0.0244 0.5947
1341845981.9538 -0.3118 -2.7217 1.4029 -0.8089 0.0057 -0.022 0.5875
1341845981.986 -0.2867 -2.721 1.4441 -0.8035 0.0103 -0.0244 0.5947
1341845982.0222 -0.2576 -2.7208 1.3458 -0.814 -0.0023 -0.006 0.5808
1341845982.0539 -0.2434 -2.7337 1.3221 -0.8112 -0.0039 -0.0026 0.5848
1341845982.0899 -0.2867 -2.721 1.4441 -0.8035 0.0103 -0.0244 0.5947
1341845982.1217 -0.2745 -2.7044 1.4585 -0.8027 0.0125 -0.0243 0.5958
1341845982.1538 -0.2867 -2.721 1.4441 -0.8035 0.0103 -0.0244 0.5947
1341845982.1901 -0.2869 -2.7349 1.4465 -0.8039 0.0095 -0.0252 0.5942
1341845982.2225 -0.2867 -2.721 1.4441 -0.8035 0.0103 -0.0244 0.5947
1341845982.259 -0.2932 -2.7245 1.4128 -0.8035 0.0135 -0.0229 0.5948
1341845982.291 -0.2867 -2.721 1.4441 -0.8035 0.0103 -0.0244 0.5947
1341845982.3278 -0.2615 -2.7005 1.4331 -0.8017 0.0071 -0.0214 0.5974
1341845982.4219 -0.2867 -2.721 1.4441 -0.8035 0.0103 -0.0244 0.5947
1341845982.4578 -0.2879 -2.662 1.435 -0.8037 0.0141 -0.0253 0.5944
1341845982.4905 -0.2867 -2.721 1.4441 -0.8035 0.0103 -0.0244 0.5947
1341845982.526 -0.3064 -2.8116 1.5901 -0.8009 0.0148 -0.0282 0.598
1341845982.5928 -0.2867 -2.721 1.4441 -0.8035 0.0103 -0.0244 0.5947
1341845982.6262 -0.2371 -2.8554 1.4049 -0.7975 0.0103 -0.0216 0.6028
1341845982.6899 -0.2867 -2.721 1.4441 -0.8035 0.0103 -0.0244 0.5947
1341845982.7319 -0.3854 -3.1498 1.5554 -0.7917 0.0155 -0.0242 0.6102
1341845982.7638 -0.2867 -2.721 1.4441 -0.8035 0.0103 -0.0244 0.5947
1341845982.7961 -0.0231 -2.9738 1.6278 -0.7957 0.02 -0.0162 0.6051
1341845982.8317 -0.2867 -2.721 1.4441 -0.8035 0.0103 -0.0244 0.5947
1341845982.8639 -0.3681 -2.816 1.4243 -0.7982 0.0096 -0.0244 0.6018
1341845982.8998 -0.2867 -2.721 1.4441 -0.8035 0.0103 -0.0244 0.5947
1341845982.9317 -0.2819 -2.7715 1.2578 -0.7978 0.0116 -0.0204 0.6025
1341845982.9639 -0.5287 -3.0036 1.218 -0.7827 0.0042 -0.019 0.622
1341845982.9999 -0.2867 -2.721 1.4441 -0.8035 0.0103 -0.0244 0.5947
1341845983.0318 -0.2143 -2.7919 1.285 -0.7886 0.0086 -0.0093 0.6148
1341845983.0678 -0.2044 -2.9009 1.2281 -0.7839 0.0104 -0.0064 0.6208
1341845983.0997 -0.2867 -2.721 1.4441 -0.8035 0.0103 -0.0244 0.5947
1341845983.1319 -0.2513 -2.9833 1.3029 -0.7857 0.0069 -0.0106 0.6185
1341845983.1678 -0.1794 -3.0247 1.1679 -0.7711 0.0074 0.0032 0.6367
1341845983.1997 -0.2867 -2.721 1.4441 -0.8035 0.0103 -0.0244 0.5947
1341845983.2358 -0.2775 -2.9821 1.2358 -0.7817 0.0034 -0.0033 0.6236
1341845983.2678 -0.3912 -2.8034 1.3731 -0.7999 0.0036 -0.0233 0.5996
1341845983.2997 -0.2867 -2.721 1.4441 -0.8035 0.0103 -0.0244 0.5947
1341845983.3358 -0.4214 -2.9157 1.3039 -0.7973 0.0001 -0.022 0.6032
1341845983.3678 -0.4002 -2.8819 1.3014 -0.796 -0.0019 -0.0207 0.6049
1341845983.4039 -0.2867 -2.721 1.4441 -0.8035 0.0103 -0.0244 0.5947
1341845983.4362 -0.2707 -2.7372 1.426 -0.804 0.0094 -0.0238 0.5941
1341845983.4679 -0.2867 -2.721 1.4441 -0.8035 0.0103 -0.0244 0.5947
1341845983.5039 -0.2581 -2.7807 1.383 -0.8027 0.0055 -0.024 0.5959
1341845983.5358 -0.2764 -2.7409 1.3873 -0.8026 0.0083 -0.023 0.596
1341845983.5721 -0.2867 -2.721 1.4441 -0.8035 0.0103 -0.0244 0.5947
1341845983.6038 -0.1388 -2.7638 1.3971 -0.802 0.0082 -0.0196 0.5969
1341845983.6357 -0.2867 -2.721 1.4441 -0.8035 0.0103 -0.0244 0.5947
1341845983.6719 -0.308 -2.9674 1.3406 -0.7943 0.0035 -0.0194 0.6072
1341845983.7039 -0.1347 -3.4617 0.9962 -0.7713 -0.0227 -0.0013 0.636
1341845983.7357 -0.2867 -2.721 1.4441 -0.8035 0.0103 -0.0244 0.5947
1341845983.772 -0.2503 -2.6422 1.471 -0.803 0.0122 -0.0207 0.5955
1341845983.8037 0.0425 -3.1723 1.063 -0.7743 -0.0176 0.0081 0.6325
1341845983.8361 -0.2867 -2.721 1.4441 -0.8035 0.0103 -0.0244 0.5947
1341845983.8719 0.0166 -3.1346 1.0368 -0.7753 -0.0129 0.0107 0.6314
1341845983.9045 -0.1928 -2.6727 1.3211 -0.804 0.013 -0.0152 0.5943
1341845983.9397 -0.2867 -2.721 1.4441 -0.8035 0.0103 -0.0244 0.5947
1341845983.972 -0.0885 -2.7894 1.2861 -0.8102 0.021 -0.0204 0.5854
1341845984.0039 0.059 -3.2978 0.9111 -0.7813 0.0008 0.0067 0.6241
1341845984.0398 -0.2867 -2.721 1.4441 -0.8035 0.0103 -0.0244 0.5947
1341845984.0719 -0.4517 -2.7688 1.4669 -0.802 0.0081 -0.0295 0.5965
1341845984.1037 -0.2867 -2.721 1.4441 -0.8035 0.0103 -0.0244 0.5947
1341845984.14 -0.2172 -2.643 1.3577 -0.8078 0.0135 -0.0298 0.5886
1341845984.172 -0.2867 -2.721 1.4441 -0.8035 0.0103 -0.0244 0.5947
1341845984.2038 -0.1256 -2.734 1.0054 -0.812 0.0152 -0.039 0.5822
1341845984.24 -0.1353 -2.6524 0.9753 -0.8141 0.0137 -0.0448 0.5789
1341845984.2719 -0.2867 -2.721 1.4441 -0.8035 0.0103 -0.0244 0.5947
1341845984.3042 -0.2309 -2.6979 1.2915 -0.8045 0.0097 -0.0283 0.5932
1341845984.366 -0.2867 -2.721 1.4441 -0.8035 0.0103 -0.0244 0.5947
1341845984.4038 -0.0427 -3.0901 1.1708 -0.7999 0.0025 -0.0179 0.5999
1341845984.4699 -0.0024 -2.994 0.9422 -0.8073 -0.0163 -0.0268 0.5893
1341845984.5339 -0.2867 -2.721 1.4441 -0.8035 0.0103 -0.0244 0.5947
1341845984.5704 -0.3986 -2.7157 1.4947 -0.8001 0.004 -0.0254 0.5993
1341845984.6019 -0.2714 -2.5916 1.2923 -0.8017 -0.0181 -0.0236 0.5969
1341845984.6339 -0.2867 -2.721 1.4441 -0.8035 0.0103 -0.0244 0.5947
1341845984.6697 -0.1809 -2.7616 1.4029 -0.8024 0.0068 -0.0249 0.5962
1341845984.7017 -0.2867 -2.721 1.4441 -0.8035 0.0103 -0.0244 0.5947
1341845984.7378 -0.3982 -2.7238 1.4425 -0.8065 0.0084 -0.0305 0.5904
1341845984.77 -0.2225 -2.774 1.4228 -0.8072 0.0013 -0.0342 0.5893
1341845984.8017 -0.2867 -2.721 1.4441 -0.8035 0.0103 -0.0244 0.5947
1341845984.8379 -0.2338 -2.7061 1.5123 -0.8092 0.0 -0.0369 0.5864
1341845984.8698 -0.2013 -2.7692 1.4618 -0.81 -0.0031 -0.0391 0.5851
1341845984.9019 -0.2867 -2.721 1.4441 -0.8035 0.0103 -0.0244 0.5947
1341845984.9378 -0.3625 -2.7035 1.532 -0.8048 0.0082 -0.0251 0.593
1341845984.9699 -0.3023 -2.72 1.5037 -0.808 0.0013 -0.0297 0.5884
1341845985.0058 -0.2867 -2.721 1.4441 -0.8035 0.0103 -0.0244 0.5947
1341845985.038 -0.2687 -2.7362 1.4474 -0.8049 0.0106 -0.0232 0.5928
1341845985.0698 -0.2867 -2.721 1.4441 -0.8035 0.0103 -0.0244 0.5947
1341845985.1059 -0.3135 -2.7049 1.4773 -0.8054 0.0096 -0.0246 0.5921
1341845985.1377 -0.2867 -2.721 1.4441 -0.8035 0.0103 -0.0244 0.5947
1341845985.1699 -0.3177 -2.669 1.4662 -0.8051 0.0093 -0.0258 0.5925
1341845985.2058 -0.2867 -2.721 1.4441 -0.8035 0.0103 -0.0244 0.5947
1341845985.2379 -0.2469 -2.7691 1.4018 -0.8039 0.0088 -0.0235 0.5943
1341845985.274 -0.2867 -2.721 1.4441 -0.8035 0.0103 -0.0244 0.5947
1341845985.3059 -0.3098 -2.663 1.4716 -0.8049 0.0127 -0.0248 0.5928
1341845985.3377 -0.2867 -2.721 1.4441 -0.8035 0.0103 -0.0244 0.5947
1341845985.3742 -0.2667 -2.7767 1.4051 -0.804 0.011 -0.024 0.594
1341845985.406 -0.2867 -2.721 1.4441 -0.8035 0.0103 -0.0244 0.5947
1341845985.4423 -0.2935 -2.7512 1.426 -0.8032 0.0097 -0.0234 0.5952
1341845985.4739 -0.2867 -2.721 1.4441 -0.8035 0.0103 -0.0244 0.5947
1341845985.5058 -0.2853 -2.7305 1.435 -0.8047 0.0132 -0.0244 0.593
1341845985.542 -0.2867 -2.721 1.4441 -0.8035 0.0103 -0.0244 0.5947
1341845985.5738 -0.2717 -2.6578 1.4629 -0.8038 0.0087 -0.0238 0.5943
1341845985.6058 -0.2867 -2.721 1.4441 -0.8035 0.0103 -0.0244 0.5947
1341845985.6418 -0.3309 -2.7603 1.4268 -0.8027 0.0108 -0.0255 0.5958
1341845985.6737 -0.3039 -2.6591 1.4689 -0.804 0.0102 -0.026 0.5939
1341845985.7098 -0.2867 -2.721 1.4441 -0.8035 0.0103 -0.0244 0.5947
1341845985.7418 -0.3289 -2.7251 1.4903 -0.8034 0.0118 -0.0252 0.5948
1341845985.7739 -0.2867 -2.721 1.4441 -0.8035 0.0103 -0.0244 0.5947
1341845985.8099 -0.2836 -2.7487 1.4282 -0.8031 0.0099 -0.0263 0.5952
1341845985.8418 -0.2867 -2.721 1.4441 -0.8035 0.0103 -0.0244 0.5947
1341845985.8739 -0.3374 -2.7231 1.4502 -0.8029 0.0082 -0.0249 0.5955
1341845985.9097 -0.2867 -2.721 1.4441 -0.8035 0.0103 -0.0244 0.5947
1341845985.9417 -0.2232 -2.7181 1.4412 -0.8048 0.0143 -0.0234 0.5929
1341845985.9777 -0.2867 -2.721 1.4441 -0.8035 0.0103 -0.0244 0.5947
1341845986.0097 -0.2816 -2.7083 1.4431 -0.8039 0.0082 -0.024 0.5943
